Date,Close,High,Low,Open,Volume,Symbol,Security Name
,UFPI,UFPI,UFPI,UFPI,UFPI,,
2015-11-09,22.447914123535156,22.830718575309525,22.259501487883156,22.767914933849152,429300,UFPI,"UFP Industries, Inc. - Common Stock"
2015-11-10,22.447914123535156,22.64230765092841,22.22361442616475,22.40604445880461,382200,UFPI,"UFP Industries, Inc. - Common Stock"
2015-11-11,22.364168167114258,22.6363183403128,22.2923923536752,22.450897061110982,562800,UFPI,"UFP Industries, Inc. - Common Stock"
2015-11-12,21.828838348388672,22.193699989028218,21.52080114757201,22.193699989028218,467400,UFPI,"UFP Industries, Inc. - Common Stock"
2015-11-13,22.065099716186523,22.40005519760874,21.688276296947993,21.688276296947993,348000,UFPI,"UFP Industries, Inc. - Common Stock"
2015-11-16,22.07108497619629,22.172766955140293,21.816879173201055,21.975383887479474,347700,UFPI,"UFP Industries, Inc. - Common Stock"
2015-11-17,22.238563537597656,22.51669463348503,22.07108661987091,22.154824223098995,504900,UFPI,"UFP Industries, Inc. - Common Stock"
2015-11-18,22.585477828979492,22.62435789424616,22.21463695998245,22.367160786441634,663900,UFPI,"UFP Industries, Inc. - Common Stock"
2015-11-19,22.878564834594727,22.923424081134726,22.325292237581916,22.603423330925153,358200,UFPI,"UFP Industries, Inc. - Common Stock"
2015-11-20,22.752954483032227,22.932393156076227,22.6423003209222,22.87856172529006,408000,UFPI,"UFP Industries, Inc. - Common Stock"
2015-11-23,23.204540252685547,23.294260432975946,22.761923662787762,22.824727275610012,434100,UFPI,"UFP Industries, Inc. - Common Stock"
2015-11-24,23.297258377075195,23.42585693953573,22.99819159457546,23.058005635583644,306000,UFPI,"UFP Industries, Inc. - Common Stock"
2015-11-25,23.180620193481445,23.380994566265542,22.94735006809443,23.33613532167661,209700,UFPI,"UFP Industries, Inc. - Common Stock"
2015-11-27,23.38208770751953,23.655720631688638,23.207684872530603,23.261809593631675,185700,UFPI,"UFP Industries, Inc. - Common Stock"
2015-11-30,23.231739044189453,23.628657684920345,23.201669945517168,23.628657684920345,333600,UFPI,"UFP Industries, Inc. - Common Stock"
2015-12-01,23.2016658782959,23.32795916764943,22.979151834177205,23.28285380695403,516600,UFPI,"UFP Industries, Inc. - Common Stock"
2015-12-02,23.2918758392334,23.616627567252888,23.111459550795413,23.207682030120644,496800,UFPI,"UFP Industries, Inc. - Common Stock"
2015-12-03,23.15054702758789,23.48431806873665,22.961107968060297,23.312921152134248,534900,UFPI,"UFP Industries, Inc. - Common Stock"
2015-12-04,23.427186965942383,23.499353820754703,23.162575164963883,23.30089540016921,325800,UFPI,"UFP Industries, Inc. - Common Stock"
2015-12-07,23.1535587310791,23.646698107470844,23.072370794111023,23.63767703440842,807000,UFPI,"UFP Industries, Inc. - Common Stock"
2015-12-08,21.283226013183594,22.356709402903626,20.645753037484305,22.284542553545588,1179600,UFPI,"UFP Industries, Inc. - Common Stock"
2015-12-09,21.538822174072266,21.962802272410613,21.30127184508707,21.30127184508707,376800,UFPI,"UFP Industries, Inc. - Common Stock"
2015-12-10,21.773366928100586,22.0199366322059,21.550851126255434,21.56287979797938,337200,UFPI,"UFP Industries, Inc. - Common Stock"
2015-12-11,21.481689453125,21.824481610306382,21.41253019037758,21.64406531937701,384600,UFPI,"UFP Industries, Inc. - Common Stock"
2015-12-14,21.075756072998047,21.650085251056915,21.039673492288596,21.48169585969304,447000,UFPI,"UFP Industries, Inc. - Common Stock"
2015-12-15,21.373435974121094,21.421548929801347,21.087776161015974,21.087776161015974,360300,UFPI,"UFP Industries, Inc. - Common Stock"
2015-12-16,21.80343246459961,21.93273163139127,21.48770182099717,21.48770182099717,285300,UFPI,"UFP Industries, Inc. - Common Stock"
2015-12-17,20.916383743286133,21.85756062749258,20.898343316690305,21.80343590651738,534000,UFPI,"UFP Industries, Inc. - Common Stock"
2015-12-18,20.546527862548828,20.991557733095632,20.53149331376326,20.732959364558724,2577000,UFPI,"UFP Industries, Inc. - Common Stock"
2015-12-21,20.738969802856445,20.99155465900835,20.474357997674886,20.606663039968883,342000,UFPI,"UFP Industries, Inc. - Common Stock"
2015-12-22,20.720932006835938,20.805127550085505,20.52247354145328,20.793098877938167,289800,UFPI,"UFP Industries, Inc. - Common Stock"
2015-12-23,20.72394371032715,20.88030615565354,20.600657969215845,20.88030615565354,159300,UFPI,"UFP Industries, Inc. - Common Stock"
2015-12-24,20.711910247802734,20.89834347605941,20.549536083638877,20.781071239025998,541800,UFPI,"UFP Industries, Inc. - Common Stock"
2015-12-28,20.757017135620117,20.826176411312254,20.549537587949715,20.549537587949715,214200,UFPI,"UFP Industries, Inc. - Common Stock"
2015-12-29,20.910367965698242,21.04267473639827,20.627713999688464,20.787082267599917,172200,UFPI,"UFP Industries, Inc. - Common Stock"
2015-12-30,20.570585250854492,21.078760958168676,20.474362753890432,20.83519711750566,261300,UFPI,"UFP Industries, Inc. - Common Stock"
2015-12-31,20.55855369567871,20.95847814406258,20.251844125133907,20.543517428375193,414000,UFPI,"UFP Industries, Inc. - Common Stock"
2016-01-04,19.881990432739258,20.684846994222784,19.692551343046883,20.275901439497442,484800,UFPI,"UFP Industries, Inc. - Common Stock"
2016-01-05,20.110515594482422,20.15862683053016,19.803806034529725,19.98121643252994,285300,UFPI,"UFP Industries, Inc. - Common Stock"
2016-01-06,20.155616760253906,20.188693446052888,19.752686498232936,19.866949379382774,572400,UFPI,"UFP Industries, Inc. - Common Stock"
2016-01-07,19.680524826049805,19.884996747615737,19.575281267369725,19.80080293302793,642900,UFPI,"UFP Industries, Inc. - Common Stock"
2016-01-08,19.265562057495117,20.56757307498079,19.217450819720963,19.77073177471733,491100,UFPI,"UFP Industries, Inc. - Common Stock"
2016-01-11,18.76039695739746,19.319691473320063,18.549909829488758,19.30766280172255,539400,UFPI,"UFP Industries, Inc. - Common Stock"
2016-01-12,19.391857147216797,19.623390564830064,19.076126474792467,19.32269616112534,399600,UFPI,"UFP Industries, Inc. - Common Stock"
2016-01-13,19.439966201782227,19.566259500073773,19.112208586969686,19.48206396787941,722100,UFPI,"UFP Industries, Inc. - Common Stock"
2016-01-14,19.755691528320312,19.993241792355242,19.184370264675934,19.418912931733157,589800,UFPI,"UFP Industries, Inc. - Common Stock"
2016-01-15,20.041357040405273,20.041357040405273,18.65515049766921,19.22045840134287,705300,UFPI,"UFP Industries, Inc. - Common Stock"
2016-01-19,19.52716636657715,20.257855944664254,19.38283266524126,20.257855944664254,642000,UFPI,"UFP Industries, Inc. - Common Stock"
2016-01-20,19.406888961791992,19.608356713825266,18.75738722544977,19.352764247245222,434100,UFPI,"UFP Industries, Inc. - Common Stock"
2016-01-21,19.52716636657715,19.60534669131906,19.193393606867012,19.36178292509221,425400,UFPI,"UFP Industries, Inc. - Common Stock"
2016-01-22,20.22478485107422,20.43827958539604,19.55423326942149,19.695559412518197,379500,UFPI,"UFP Industries, Inc. - Common Stock"
2016-01-25,19.43395233154297,20.393171256523335,19.280597538631536,20.035342832865428,420900,UFPI,"UFP Industries, Inc. - Common Stock"
2016-01-26,20.14059066772461,20.206742340837934,19.464025622469364,19.476052573728555,360000,UFPI,"UFP Industries, Inc. - Common Stock"
2016-01-27,19.518150329589844,20.14961000566174,19.41290676347888,20.032339488300664,539700,UFPI,"UFP Industries, Inc. - Common Stock"
2016-01-28,19.77373504638672,19.93310328544159,19.44597749730871,19.623386157706758,339900,UFPI,"UFP Industries, Inc. - Common Stock"
2016-01-29,20.714920043945312,20.7419832678079,19.833882976634452,19.833882976634452,555000,UFPI,"UFP Industries, Inc. - Common Stock"
2016-02-01,19.972198486328125,21.033655163564422,19.884997072418848,20.516458434813668,426300,UFPI,"UFP Industries, Inc. - Common Stock"
2016-02-02,19.43094825744629,20.176672548283477,19.32570297428105,19.77374044486009,265500,UFPI,"UFP Industries, Inc. - Common Stock"
2016-02-03,19.22647476196289,20.480374728853786,18.96486879214298,19.626399270586194,339000,UFPI,"UFP Industries, Inc. - Common Stock"
2016-02-04,19.154306411743164,19.53919634159657,19.003959213042602,19.184375507364532,299700,UFPI,"UFP Industries, Inc. - Common Stock"
2016-02-05,18.691232681274414,19.43996444833731,18.441655425586784,19.139270078979337,416100,UFPI,"UFP Industries, Inc. - Common Stock"
2016-02-08,18.489776611328125,18.570962853945417,18.168030636744977,18.468726860513673,492300,UFPI,"UFP Industries, Inc. - Common Stock"
2016-02-09,18.54990577697754,18.775427404669088,18.240188628278773,18.240188628278773,218100,UFPI,"UFP Industries, Inc. - Common Stock"
2016-02-10,18.384523391723633,18.865637486957343,18.3334062772891,18.682211888606414,211200,UFPI,"UFP Industries, Inc. - Common Stock"
2016-02-11,18.354455947875977,18.558929585769796,17.939496917607052,18.0778171678946,370800,UFPI,"UFP Industries, Inc. - Common Stock"
2016-02-12,18.616065979003906,18.829559015986916,18.267258539328367,18.55292017539758,321900,UFPI,"UFP Industries, Inc. - Common Stock"
2016-02-16,18.70627212524414,18.91074405583895,18.52886169454326,18.91074405583895,341100,UFPI,"UFP Industries, Inc. - Common Stock"
2016-02-17,19.271577835083008,19.542204870348606,18.679208364272892,18.874659215716402,485700,UFPI,"UFP Industries, Inc. - Common Stock"
2016-02-18,20.663799285888672,22.242450934794544,20.342053416235295,20.714916405636753,1095900,UFPI,"UFP Industries, Inc. - Common Stock"
2016-02-19,20.609676361083984,21.003587440992867,20.411217882231842,20.708906460807075,482700,UFPI,"UFP Industries, Inc. - Common Stock"
2016-02-22,21.23211669921875,21.373442852545303,20.627718468710604,20.88330927228937,734700,UFPI,"UFP Industries, Inc. - Common Stock"
2016-02-23,21.78839683532715,21.85455021423032,21.114839538914683,21.162949053779215,434700,UFPI,"UFP Industries, Inc. - Common Stock"
2016-02-24,22.6453800201416,22.690485382774504,21.490710266237695,21.532808031163853,558600,UFPI,"UFP Industries, Inc. - Common Stock"
2016-02-25,22.967121124267578,23.01222648095622,22.413841940103183,22.603280997008625,441600,UFPI,"UFP Industries, Inc. - Common Stock"
2016-02-26,23.249778747558594,23.315932134158523,23.000203190101956,23.03327816280822,444900,UFPI,"UFP Industries, Inc. - Common Stock"
2016-02-29,23.069360733032227,23.754945006636902,23.051318588833794,23.297889971296165,626100,UFPI,"UFP Industries, Inc. - Common Stock"
2016-03-01,23.571523666381836,23.571523666381836,22.888945196267173,23.17761265214331,401100,UFPI,"UFP Industries, Inc. - Common Stock"
2016-03-02,23.661731719970703,23.66774691550361,23.358029728119,23.508376925161624,318900,UFPI,"UFP Industries, Inc. - Common Stock"
2016-03-03,23.76095962524414,24.118788020592092,23.297889406010533,23.592570298196144,600900,UFPI,"UFP Industries, Inc. - Common Stock"
2016-03-04,23.661731719970703,24.061656193224678,23.53243254551219,23.82110171031269,394200,UFPI,"UFP Industries, Inc. - Common Stock"
2016-03-07,23.980472564697266,23.9894936390225,23.180623474591886,23.619638194657924,497400,UFPI,"UFP Industries, Inc. - Common Stock"
2016-03-08,23.472293853759766,23.87522591617692,23.424182614085886,23.87522591617692,328200,UFPI,"UFP Industries, Inc. - Common Stock"
2016-03-09,23.89928436279297,23.902291960850942,23.38208761482852,23.55649044912608,495600,UFPI,"UFP Industries, Inc. - Common Stock"
2016-03-10,23.47831153869629,24.025577418270675,23.081392879914592,23.92634732342676,267600,UFPI,"UFP Industries, Inc. - Common Stock"
2016-03-11,23.857187271118164,23.980471265497822,23.655721210353523,23.730895678595044,314700,UFPI,"UFP Industries, Inc. - Common Stock"
2016-03-14,23.64970588684082,24.41647989709359,23.59858704595938,24.160887413280154,385200,UFPI,"UFP Industries, Inc. - Common Stock"
2016-03-15,23.502363204956055,23.75494635570426,23.39110617706995,23.544460970278646,235200,UFPI,"UFP Industries, Inc. - Common Stock"
2016-03-16,23.706838607788086,23.80005349741738,23.42418462034657,23.496351486038414,274500,UFPI,"UFP Industries, Inc. - Common Stock"
2016-03-17,24.227041244506836,24.383403647318488,23.520407135375553,23.62565069637317,510900,UFPI,"UFP Industries, Inc. - Common Stock"
2016-03-18,25.132131576538086,25.29450742917227,24.28116386954756,24.350323126494864,1072200,UFPI,"UFP Industries, Inc. - Common Stock"
2016-03-21,24.503677368164062,25.34863158217729,24.437523989569446,25.252409111710023,438600,UFPI,"UFP Industries, Inc. - Common Stock"
2016-03-22,24.575843811035156,24.67507215667824,24.39542582162206,24.482627218954118,254400,UFPI,"UFP Industries, Inc. - Common Stock"
2016-03-23,24.317243576049805,24.605910959846604,24.293187960733405,24.44353512631257,254100,UFPI,"UFP Industries, Inc. - Common Stock"
2016-03-24,24.846471786499023,24.852485261310893,24.10676104623576,24.3202540271032,306300,UFPI,"UFP Industries, Inc. - Common Stock"
2016-03-28,24.60591697692871,24.99982798913514,24.254103731968815,24.99982798913514,252000,UFPI,"UFP Industries, Inc. - Common Stock"
2016-03-29,25.544084548950195,25.556111497663565,23.742917353718305,24.506685376603652,405000,UFPI,"UFP Industries, Inc. - Common Stock"
2016-03-30,25.435834884643555,25.55611298172954,25.04192390161275,25.54408603231775,248100,UFPI,"UFP Industries, Inc. - Common Stock"
2016-03-31,25.80569076538086,26.196595879188926,25.15618902810109,25.520030924299878,629100,UFPI,"UFP Industries, Inc. - Common Stock"
2016-04-01,26.2086238861084,26.22666603190908,25.553108647558474,25.661358081175102,283200,UFPI,"UFP Industries, Inc. - Common Stock"
2016-04-04,25.580167770385742,26.2056138549204,25.547091079687117,26.10037030831393,251700,UFPI,"UFP Industries, Inc. - Common Stock"
2016-04-05,25.592208862304688,25.77563282836249,25.264449393778047,25.405777297234938,254700,UFPI,"UFP Industries, Inc. - Common Stock"
2016-04-06,26.217647552490234,26.250724249532226,25.438846534720692,25.54409010151051,375600,UFPI,"UFP Industries, Inc. - Common Stock"
2016-04-07,25.062971115112305,25.986107416144392,24.984790784676097,25.986107416144392,673500,UFPI,"UFP Industries, Inc. - Common Stock"
2016-04-08,24.810392379760742,24.996823900372434,24.227043913943763,24.65703755801516,589500,UFPI,"UFP Industries, Inc. - Common Stock"
2016-04-11,24.77731704711914,25.144164886506335,24.69312150201069,24.783330523028614,471300,UFPI,"UFP Industries, Inc. - Common Stock"
2016-04-12,24.626968383789062,25.01787357242374,24.563822584540443,24.825428576392138,408900,UFPI,"UFP Industries, Inc. - Common Stock"
2016-04-13,25.547094345092773,25.559121295651238,24.669063292354767,24.77731445034988,390900,UFPI,"UFP Industries, Inc. - Common Stock"
2016-04-14,25.691425323486328,25.93799498946204,25.36667532547332,25.5591185579522,448200,UFPI,"UFP Industries, Inc. - Common Stock"
2016-04-15,25.715482711791992,25.868837509396315,25.40275964153452,25.634296497148497,452700,UFPI,"UFP Industries, Inc. - Common Stock"
2016-04-18,25.1441593170166,25.92296191468431,24.762277012146566,25.661355983738055,675000,UFPI,"UFP Industries, Inc. - Common Stock"
2016-04-19,25.483951568603516,25.61024316737997,25.120109601954127,25.309548720712794,483000,UFPI,"UFP Industries, Inc. - Common Stock"
2016-04-20,25.83275604248047,25.95002655361597,25.291503691299702,25.393739653873766,504900,UFPI,"UFP Industries, Inc. - Common Stock"
2016-04-21,24.485637664794922,26.734840716990377,24.43151122931827,25.85981732390849,809700,UFPI,"UFP Industries, Inc. - Common Stock"
2016-04-22,25.8568058013916,25.8568058013916,24.479620474189648,24.729197709025446,671700,UFPI,"UFP Industries, Inc. - Common Stock"
2016-04-25,24.545774459838867,25.85380065944342,24.45255958280389,25.85380065944342,399900,UFPI,"UFP Industries, Inc. - Common Stock"
2016-04-26,24.876548767089844,25.23738315413517,24.623963835861076,24.732215012271713,443400,UFPI,"UFP Industries, Inc. - Common Stock"
2016-04-27,24.771299362182617,25.237378970522254,24.320256022997118,24.85248730088351,456300,UFPI,"UFP Industries, Inc. - Common Stock"
2016-04-28,24.503677368164062,25.026887481478187,24.43150879472012,24.599899838631327,442500,UFPI,"UFP Industries, Inc. - Common Stock"
2016-04-29,23.04831314086914,24.49465971792348,22.885938989720156,24.33529144402553,727500,UFPI,"UFP Industries, Inc. - Common Stock"
2016-05-02,24.891572952270508,24.936678310356594,23.036282811364327,23.093415117877715,1182000,UFPI,"UFP Industries, Inc. - Common Stock"
2016-05-03,24.139833450317383,24.84947496986474,23.944380928606343,24.705141276457823,502800,UFPI,"UFP Industries, Inc. - Common Stock"
2016-05-04,24.545774459838867,24.72318658302909,23.682778065502696,24.058648612383212,526200,UFPI,"UFP Industries, Inc. - Common Stock"
2016-05-05,24.77430534362793,25.11709750198072,24.24808757538222,24.54277021383729,452400,UFPI,"UFP Industries, Inc. - Common Stock"
2016-05-06,25.198286056518555,25.228356873012178,24.57885511036818,24.708152566856505,506400,UFPI,"UFP Industries, Inc. - Common Stock"
2016-05-09,24.972768783569336,25.219340230931312,24.717177982327748,25.020881754293402,349500,UFPI,"UFP Industries, Inc. - Common Stock"
2016-05-10,25.282482147216797,25.492969264344698,25.075002627982695,25.120106272827062,408000,UFPI,"UFP Industries, Inc. - Common Stock"
2016-05-11,25.002840042114258,25.258430847820698,24.876548438465253,25.2524173715979,405600,UFPI,"UFP Industries, Inc. - Common Stock"
2016-05-12,24.867521286010742,25.25842467445746,24.80437549961958,25.065979717610627,531900,UFPI,"UFP Industries, Inc. - Common Stock"
2016-05-13,24.55780792236328,24.915636394946823,24.446550879480736,24.87955209963686,391500,UFPI,"UFP Industries, Inc. - Common Stock"
2016-05-16,24.55179214477539,24.912626461074776,24.443540989588705,24.557805619898613,361200,UFPI,"UFP Industries, Inc. - Common Stock"
2016-05-17,23.98648452758789,24.69011274475093,23.779005007860732,24.47661802922189,553800,UFPI,"UFP Industries, Inc. - Common Stock"
2016-05-18,24.082704544067383,24.491650066383954,23.70082051770959,23.79102951895723,370200,UFPI,"UFP Industries, Inc. - Common Stock"
2016-05-19,24.04060935974121,24.365361110833643,23.559496928932997,23.854177862654584,225600,UFPI,"UFP Industries, Inc. - Common Stock"
2016-05-20,24.446548461914062,24.678083598609682,24.046623978476745,24.151865814670792,288000,UFPI,"UFP Industries, Inc. - Common Stock"
2016-05-23,24.37437629699707,24.789335238198312,24.254098218345018,24.383397367970144,362400,UFPI,"UFP Industries, Inc. - Common Stock"
2016-05-24,25.204301834106445,25.321572343179913,24.386408986114027,24.554798335872572,427200,UFPI,"UFP Industries, Inc. - Common Stock"
2016-05-25,25.165210723876953,25.538071981252763,25.0659806441124,25.351640492268007,313500,UFPI,"UFP Industries, Inc. - Common Stock"
2016-05-26,25.195281982421875,25.553110443376635,24.84647459500144,25.261433654017157,350700,UFPI,"UFP Industries, Inc. - Common Stock"
2016-05-27,25.415891647338867,25.582108273055976,24.905155960812422,25.195279368494862,238800,UFPI,"UFP Industries, Inc. - Common Stock"
2016-05-31,25.367538452148438,25.582108694470303,25.095549806463836,25.582108694470303,366000,UFPI,"UFP Industries, Inc. - Common Stock"
2016-06-01,25.76947593688965,25.95382559059601,25.298029097684427,25.35242647735012,414600,UFPI,"UFP Industries, Inc. - Common Stock"
2016-06-02,25.524694442749023,25.690909380238594,24.995825588442152,25.690909380238594,444900,UFPI,"UFP Industries, Inc. - Common Stock"
2016-06-03,25.706012725830078,25.76343458543006,25.25269718156165,25.503531759666693,432600,UFPI,"UFP Industries, Inc. - Common Stock"
2016-06-06,26.020313262939453,26.05960035698295,25.7543683938852,25.808765775694535,363000,UFPI,"UFP Industries, Inc. - Common Stock"
2016-06-07,25.929651260375977,26.132132240457633,25.657660877561725,26.132132240457633,267600,UFPI,"UFP Industries, Inc. - Common Stock"
2016-06-08,26.500829696655273,26.709354458700044,25.905475989539205,26.02938105521874,466500,UFPI,"UFP Industries, Inc. - Common Stock"
2016-06-09,26.440387725830078,26.48571859296396,25.77552463229607,26.352747011814202,459000,UFPI,"UFP Industries, Inc. - Common Stock"
2016-06-10,26.077726364135742,26.422247080510633,25.90849048385293,26.08377186142253,266100,UFPI,"UFP Industries, Inc. - Common Stock"
2016-06-13,25.793655395507812,26.33763267017524,25.702991939976048,26.029377958924186,348000,UFPI,"UFP Industries, Inc. - Common Stock"
2016-06-14,26.364835739135742,26.63380339232817,24.88702761529501,25.7483262344742,718200,UFPI,"UFP Industries, Inc. - Common Stock"
2016-06-15,26.815128326416016,27.09920451887217,26.4766512906323,26.534071424860713,652500,UFPI,"UFP Industries, Inc. - Common Stock"
2016-06-16,26.606599807739258,26.66401993756523,26.222791935589164,26.6368203826177,411000,UFPI,"UFP Industries, Inc. - Common Stock"
2016-06-17,26.25905990600586,26.694242441037876,26.162352675998747,26.576381152939835,1496400,UFPI,"UFP Industries, Inc. - Common Stock"
2016-06-20,26.71539878845215,26.95414411906414,26.36785522790879,26.676109962334138,363300,UFPI,"UFP Industries, Inc. - Common Stock"
2016-06-21,26.845348358154297,27.044806584558096,26.703308535550573,26.845348358154297,343800,UFPI,"UFP Industries, Inc. - Common Stock"
2016-06-22,26.45549774169922,26.981343749626422,26.37692181851209,26.981343749626422,337200,UFPI,"UFP Industries, Inc. - Common Stock"
2016-06-23,27.64922523498535,27.66131277248949,26.537090509316734,26.821166662539873,707400,UFPI,"UFP Industries, Inc. - Common Stock"
2016-06-24,26.101911544799805,26.77281838587882,25.39473862780543,26.21070631402252,2171100,UFPI,"UFP Industries, Inc. - Common Stock"
2016-06-27,25.61837387084961,25.999159024711016,25.355451735398137,25.68788154456344,526200,UFPI,"UFP Industries, Inc. - Common Stock"
2016-06-28,25.826904296875,26.449455893772882,25.412875752981012,25.60931299417212,450900,UFPI,"UFP Industries, Inc. - Common Stock"
2016-06-29,26.815128326416016,26.96321019223085,26.029379485240202,26.08377859930608,411900,UFPI,"UFP Industries, Inc. - Common Stock"
2016-06-30,28.011886596679688,28.011886596679688,26.78491121115935,26.954148897220428,571200,UFPI,"UFP Industries, Inc. - Common Stock"
2016-07-01,28.58909797668457,29.012192917873275,28.026987707287187,28.30502009296599,666300,UFPI,"UFP Industries, Inc. - Common Stock"
2016-07-05,28.791576385498047,28.89735011144921,28.16600227604949,28.450078405406053,443100,UFPI,"UFP Industries, Inc. - Common Stock"
2016-07-06,29.356718063354492,29.459467335722124,28.28387026351172,28.619324555119984,576000,UFPI,"UFP Industries, Inc. - Common Stock"
2016-07-07,29.405071258544922,29.541063856106362,29.060550452713876,29.541063856106362,796200,UFPI,"UFP Industries, Inc. - Common Stock"
2016-07-08,29.870471954345703,30.145483335149216,29.46853277602105,29.616616359303418,630900,UFPI,"UFP Industries, Inc. - Common Stock"
2016-07-11,30.263347625732422,30.381207180696197,30.045754636104334,30.06993317207334,928800,UFPI,"UFP Industries, Inc. - Common Stock"
2016-07-12,30.423519134521484,30.755948933959555,30.347964234881207,30.577644766104815,500100,UFPI,"UFP Industries, Inc. - Common Stock"
2016-07-13,30.529296875,30.68644874391509,30.29357425941327,30.49907629288816,412200,UFPI,"UFP Industries, Inc. - Common Stock"
2016-07-14,30.51116371154785,30.882882403669626,30.32681746970084,30.758977325803674,446400,UFPI,"UFP Industries, Inc. - Common Stock"
2016-07-15,30.15757179260254,30.644130670279942,29.864427366285856,30.496047082483795,719400,UFPI,"UFP Industries, Inc. - Common Stock"
2016-07-18,30.520227432250977,30.82545941528953,30.063889103159088,30.063889103159088,370200,UFPI,"UFP Industries, Inc. - Common Stock"
2016-07-19,30.45071792602539,30.795238733772145,30.29356954011567,30.619957309715392,360600,UFPI,"UFP Industries, Inc. - Common Stock"
2016-07-20,30.774080276489258,30.967494721914086,30.275433875536066,30.641106980628916,509400,UFPI,"UFP Industries, Inc. - Common Stock"
2016-07-21,30.07596778869629,31.653507063186133,29.61056480676725,31.387560525785318,1488300,UFPI,"UFP Industries, Inc. - Common Stock"
2016-07-22,31.756269454956055,32.0312808634614,29.91278308045276,30.399341992310173,852300,UFPI,"UFP Industries, Inc. - Common Stock"
2016-07-25,31.886215209960938,32.194469932772094,31.544717161232732,31.57796394567308,433500,UFPI,"UFP Industries, Inc. - Common Stock"
2016-07-26,32.47552490234375,32.756581781289725,32.03731965121359,32.08567326254127,523200,UFPI,"UFP Industries, Inc. - Common Stock"
2016-07-27,32.910701751708984,32.95603260606979,32.526895676189305,32.7867967247516,399600,UFPI,"UFP Industries, Inc. - Common Stock"
2016-07-28,32.584327697753906,33.073909430112515,32.57828565642505,32.96813739235609,513000,UFPI,"UFP Industries, Inc. - Common Stock"
2016-07-29,32.674983978271484,33.200828190549046,32.41508289197199,32.55712097300188,561900,UFPI,"UFP Industries, Inc. - Common Stock"
2016-08-01,32.94395065307617,33.010437300815425,32.324418496249926,32.741471419207336,454200,UFPI,"UFP Industries, Inc. - Common Stock"
2016-08-02,32.50575256347656,33.00439907284223,32.08870300717246,32.83516312556288,445200,UFPI,"UFP Industries, Inc. - Common Stock"
2016-08-03,32.814002990722656,32.85026906695379,32.233759605118045,32.4755276824533,334800,UFPI,"UFP Industries, Inc. - Common Stock"
2016-08-04,32.49667739868164,33.0587876411521,32.221666045935216,32.931859856580324,437700,UFPI,"UFP Industries, Inc. - Common Stock"
2016-08-05,32.57223892211914,32.84120486046824,32.38184718625887,32.656858624231646,418200,UFPI,"UFP Industries, Inc. - Common Stock"
2016-08-08,32.42717361450195,32.72334080205123,32.12798713607836,32.475527229294286,357000,UFPI,"UFP Industries, Inc. - Common Stock"
2016-08-09,32.33047103881836,32.6387258098075,32.24282858628735,32.490642194716536,331200,UFPI,"UFP Industries, Inc. - Common Stock"
2016-08-10,32.40602111816406,32.484598776389305,32.18843155876341,32.30629112905389,242700,UFPI,"UFP Industries, Inc. - Common Stock"
2016-08-11,32.681026458740234,32.889554647230945,32.15820498851183,32.53294287751148,368100,UFPI,"UFP Industries, Inc. - Common Stock"
2016-08-12,32.52387619018555,32.732400907981585,32.39997115079854,32.699157586411,297000,UFPI,"UFP Industries, Inc. - Common Stock"
2016-08-15,32.245849609375,32.798895209345304,32.20354148955337,32.49970870387572,490800,UFPI,"UFP Industries, Inc. - Common Stock"
2016-08-16,31.898311614990234,32.263984803545554,31.843912492852105,32.263984803545554,247800,UFPI,"UFP Industries, Inc. - Common Stock"
2016-08-17,32.094757080078125,32.30932395670199,31.584019434922915,31.83787861143917,282900,UFPI,"UFP Industries, Inc. - Common Stock"
2016-08-18,31.976882934570312,32.08870046010889,31.698848766262124,32.08870046010889,204900,UFPI,"UFP Industries, Inc. - Common Stock"
2016-08-19,31.955726623535156,32.07056689679662,31.707913038231627,31.916441254946783,238800,UFPI,"UFP Industries, Inc. - Common Stock"
2016-08-22,32.532955169677734,32.551088212855355,31.568905340650563,31.762319856512732,341700,UFPI,"UFP Industries, Inc. - Common Stock"
2016-08-23,32.86235809326172,33.03159748431643,32.535970309458726,32.56317159712467,202500,UFPI,"UFP Industries, Inc. - Common Stock"
2016-08-24,32.7565803527832,32.937907251985145,32.48761102376806,32.93488450293591,285000,UFPI,"UFP Industries, Inc. - Common Stock"
2016-08-25,32.886539459228516,33.010444534335626,32.433223822416146,32.608505269172795,259500,UFPI,"UFP Industries, Inc. - Common Stock"
2016-08-26,32.51179504394531,33.39424769647339,32.35464665209583,33.055772374823384,246300,UFPI,"UFP Industries, Inc. - Common Stock"
2016-08-29,33.02857971191406,33.11924146173318,32.54806621252941,32.54806621252941,217200,UFPI,"UFP Industries, Inc. - Common Stock"
2016-08-30,33.113189697265625,33.30660414024063,32.810977036224905,32.93488554149036,283200,UFPI,"UFP Industries, Inc. - Common Stock"
2016-08-31,32.98625946044922,33.17665461867621,32.56920998723419,33.05274956811146,268500,UFPI,"UFP Industries, Inc. - Common Stock"
2016-09-01,32.671958923339844,33.19478380814113,32.42414539240998,33.0950538459917,329100,UFPI,"UFP Industries, Inc. - Common Stock"
2016-09-02,33.240116119384766,33.33380058785586,32.635694280806284,32.63871702982591,234300,UFPI,"UFP Industries, Inc. - Common Stock"
2016-09-06,33.176658630371094,33.536289745646755,32.83516055419174,33.261278326646,254700,UFPI,"UFP Industries, Inc. - Common Stock"
2016-09-07,32.8411979675293,33.119232096958186,32.54503426008215,33.119232096958186,320100,UFPI,"UFP Industries, Inc. - Common Stock"
2016-09-08,32.42717361450195,32.92582005089016,32.35464492157512,32.644766610329114,251700,UFPI,"UFP Industries, Inc. - Common Stock"
2016-09-09,31.009815216064453,32.109861055571606,30.795244923143244,32.109861055571606,386400,UFPI,"UFP Industries, Inc. - Common Stock"
2016-09-12,30.82243537902832,31.145800386774976,30.408408642548736,30.72572815163723,671700,UFPI,"UFP Industries, Inc. - Common Stock"
2016-09-13,29.516889572143555,30.740840275754728,29.44435741800663,30.4718743642978,853800,UFPI,"UFP Industries, Inc. - Common Stock"
2016-09-14,29.480623245239258,29.83723159683562,28.912467390567592,29.622661344276317,745800,UFPI,"UFP Industries, Inc. - Common Stock"
2016-09-15,29.852338790893555,30.039707737195467,29.356715141126216,29.55919437475818,420000,UFPI,"UFP Industries, Inc. - Common Stock"
2016-09-16,29.61359214782715,29.894645554596345,29.420177711912594,29.840249906072202,691500,UFPI,"UFP Industries, Inc. - Common Stock"
2016-09-19,30.302637100219727,32.18540898790946,29.77377003025494,29.77377003025494,428700,UFPI,"UFP Industries, Inc. - Common Stock"
2016-09-20,30.350984573364258,30.4688475789632,29.60150534485641,30.360052820691948,1002900,UFPI,"UFP Industries, Inc. - Common Stock"
2016-09-21,30.97353744506836,31.179039410288606,30.26032087683733,30.360050839796838,421800,UFPI,"UFP Industries, Inc. - Common Stock"
2016-09-22,31.571922302246094,31.644451003134147,31.17904784198767,31.296910871769942,361800,UFPI,"UFP Industries, Inc. - Common Stock"
2016-09-23,30.925193786621094,31.59609900295854,30.855684373375034,31.45708363499032,315000,UFPI,"UFP Industries, Inc. - Common Stock"
2016-09-26,30.462804794311523,30.91914311181086,30.075975878424224,30.659242001633668,328800,UFPI,"UFP Industries, Inc. - Common Stock"
2016-09-27,30.447702407836914,30.716671835953473,29.921858010779875,30.372150946383833,536100,UFPI,"UFP Industries, Inc. - Common Stock"
2016-09-28,30.55649185180664,30.698529941792426,30.275434962603228,30.405385513946722,229500,UFPI,"UFP Industries, Inc. - Common Stock"
2016-09-29,29.894651412963867,30.42654467448539,29.716350687279302,30.42654467448539,360300,UFPI,"UFP Industries, Inc. - Common Stock"
2016-09-30,29.764699935913086,30.224057514528383,29.489688555171227,29.976243959385506,466800,UFPI,"UFP Industries, Inc. - Common Stock"
2016-10-03,29.616622924804688,29.867455826268888,29.438318727206767,29.601512634060718,327300,UFPI,"UFP Industries, Inc. - Common Stock"
2016-10-04,29.658924102783203,30.05179848718572,29.365779689054225,29.61661599031097,350700,UFPI,"UFP Industries, Inc. - Common Stock"
2016-10-05,29.837228775024414,30.160593768761895,29.73447605342673,29.87349484835573,255000,UFPI,"UFP Industries, Inc. - Common Stock"
2016-10-06,30.6411075592041,30.689461171473337,29.60452591539388,29.758654999921344,315900,UFPI,"UFP Industries, Inc. - Common Stock"
2016-10-07,30.245214462280273,30.71364030644048,29.834207020706785,30.619955829313085,284100,UFPI,"UFP Industries, Inc. - Common Stock"
2016-10-10,30.677377700805664,30.737818859525813,30.163620934637144,30.163620934637144,223200,UFPI,"UFP Industries, Inc. - Common Stock"
2016-10-11,29.64381980895996,30.665291339813624,29.54711256787998,30.665291339813624,333900,UFPI,"UFP Industries, Inc. - Common Stock"
2016-10-12,30.20895004272461,30.486984198563086,29.604528115185463,29.604528115185463,275700,UFPI,"UFP Industries, Inc. - Common Stock"
2016-10-13,29.547109603881836,30.35401078185689,29.47457745108599,29.985314894540423,261000,UFPI,"UFP Industries, Inc. - Common Stock"
2016-10-14,29.80096435546875,30.511158281423473,29.72541291393845,29.776789277588374,300900,UFPI,"UFP Industries, Inc. - Common Stock"
2016-10-17,29.408096313476562,30.069936690693897,29.356719944738476,29.834210636136486,392100,UFPI,"UFP Industries, Inc. - Common Stock"
2016-10-18,28.99708366394043,29.78585171859829,28.852022832526075,29.71634578128016,638700,UFPI,"UFP Industries, Inc. - Common Stock"
2016-10-19,27.72780990600586,28.105574152292117,27.156632869592713,28.045131250351922,940200,UFPI,"UFP Industries, Inc. - Common Stock"
2016-10-20,28.486356735229492,29.38392155316039,28.41684731808541,28.697904278191583,1033500,UFPI,"UFP Industries, Inc. - Common Stock"
2016-10-21,28.04511833190918,28.23551174252065,27.824506078140654,28.07231788464265,921000,UFPI,"UFP Industries, Inc. - Common Stock"
2016-10-24,28.02094841003418,28.516572114176267,27.98165958355182,28.16298650992889,444000,UFPI,"UFP Industries, Inc. - Common Stock"
2016-10-25,26.721437454223633,27.98467672833597,26.679127615974487,27.918190086696082,567000,UFPI,"UFP Industries, Inc. - Common Stock"
2016-10-26,26.04751205444336,26.70935236697748,25.97800438229247,26.61264513828321,477600,UFPI,"UFP Industries, Inc. - Common Stock"
2016-10-27,25.878278732299805,26.271153211523703,25.68788526317664,26.083782492275898,413100,UFPI,"UFP Industries, Inc. - Common Stock"
2016-10-28,26.11400032043457,26.180486976586433,25.75134819041772,25.75134819041772,405000,UFPI,"UFP Industries, Inc. - Common Stock"
2016-10-31,25.98706817626953,26.11399596830635,25.817830543799946,25.899427475612608,425100,UFPI,"UFP Industries, Inc. - Common Stock"
2016-11-01,25.66370964050293,26.002184990410488,25.624420809998778,26.002184990410488,432900,UFPI,"UFP Industries, Inc. - Common Stock"
2016-11-02,25.55793571472168,25.962897723811658,25.542823695021458,25.66673049758239,411000,UFPI,"UFP Industries, Inc. - Common Stock"
2016-11-03,25.207368850708008,25.69694878847609,25.155994213648324,25.61535184397112,448800,UFPI,"UFP Industries, Inc. - Common Stock"
2016-11-04,25.412870407104492,25.805743077579674,25.34336100812997,25.34336100812997,419700,UFPI,"UFP Industries, Inc. - Common Stock"
2016-11-07,25.932674407958984,26.25906220240702,25.712062101000868,25.90849932760473,348300,UFPI,"UFP Industries, Inc. - Common Stock"
2016-11-08,26.31345558166504,26.431318591370246,25.838985981414357,25.90547263004175,234600,UFPI,"UFP Industries, Inc. - Common Stock"
2016-11-09,27.01156234741211,27.235199102650927,25.95080389012752,25.95080389012752,630000,UFPI,"UFP Industries, Inc. - Common Stock"
2016-11-10,27.386306762695312,27.76104816678109,26.896726812819697,27.298666046238584,510300,UFPI,"UFP Industries, Inc. - Common Stock"
2016-11-11,28.190181732177734,28.26875764861626,27.32586048544653,27.32586048544653,471300,UFPI,"UFP Industries, Inc. - Common Stock"
2016-11-14,28.788558959960938,28.852024590675935,28.24760442295137,28.586079716877126,504900,UFPI,"UFP Industries, Inc. - Common Stock"
2016-11-15,29.051475524902344,29.196539795918707,28.607228299743756,28.6858024741959,575100,UFPI,"UFP Industries, Inc. - Common Stock"
2016-11-16,29.148193359375,29.3446305730711,28.870157473166856,28.92153383869831,347700,UFPI,"UFP Industries, Inc. - Common Stock"
2016-11-17,29.56826400756836,29.791899037349125,29.25698654034869,29.3960018820028,443700,UFPI,"UFP Industries, Inc. - Common Stock"
2016-11-18,29.61359214782715,29.731451691978073,29.33253528253503,29.54106000509773,305400,UFPI,"UFP Industries, Inc. - Common Stock"
2016-11-21,30.18175506591797,30.19988810589478,29.323477438650045,29.646842491435095,282600,UFPI,"UFP Industries, Inc. - Common Stock"
2016-11-22,30.825454711914062,30.84358774735558,30.230101125429535,30.32680834210238,312600,UFPI,"UFP Industries, Inc. - Common Stock"
2016-11-23,30.907054901123047,31.058161240053803,30.438629054813273,30.701552908654886,179400,UFPI,"UFP Industries, Inc. - Common Stock"
2016-11-25,31.435924530029297,31.496369145773308,30.913102986434478,31.064205879485684,141300,UFPI,"UFP Industries, Inc. - Common Stock"
2016-11-28,30.592754364013672,31.390590706594743,30.52929046320278,31.390590706594743,284700,UFPI,"UFP Industries, Inc. - Common Stock"
2016-11-29,30.890249252319336,31.196847671065683,30.137423265027515,30.595799295664587,255600,UFPI,"UFP Industries, Inc. - Common Stock"
2016-11-30,30.155628204345703,31.069343743800932,30.06152194451443,30.85077918485506,270300,UFPI,"UFP Industries, Inc. - Common Stock"
2016-12-01,30.204195022583008,30.771851407158202,30.01598599369657,30.12223375454458,300000,UFPI,"UFP Industries, Inc. - Common Stock"
2016-12-02,30.00688362121582,30.34687023554849,29.96438312319559,30.185983929817503,169200,UFPI,"UFP Industries, Inc. - Common Stock"
2016-12-05,31.10880470275879,31.181660714154,30.228480917539727,30.228480917539727,286800,UFPI,"UFP Industries, Inc. - Common Stock"
2016-12-06,31.224166870117188,31.35773394742814,28.464807162893898,31.108813800981984,339000,UFPI,"UFP Industries, Inc. - Common Stock"
2016-12-07,32.14395523071289,32.17431423031628,31.10881721585756,31.136136494136657,363900,UFPI,"UFP Industries, Inc. - Common Stock"
2016-12-08,32.18339920043945,32.34124922377879,30.41971578679768,32.06500994595243,279000,UFPI,"UFP Industries, Inc. - Common Stock"
2016-12-09,32.14091110229492,32.36251194344916,31.73110813272465,32.13484208303617,191400,UFPI,"UFP Industries, Inc. - Common Stock"
2016-12-12,32.43232345581055,32.54160398825316,30.604892544916922,32.119656139746326,228600,UFPI,"UFP Industries, Inc. - Common Stock"
2016-12-13,32.31697463989258,33.02426715798,32.17430233257457,32.62053325796838,237900,UFPI,"UFP Industries, Inc. - Common Stock"
2016-12-14,31.882883071899414,32.47786229568618,31.852527556231287,32.171267418678795,193500,UFPI,"UFP Industries, Inc. - Common Stock"
2016-12-15,31.333444595336914,32.329121616594975,31.011671919420753,31.913242661335527,481800,UFPI,"UFP Industries, Inc. - Common Stock"
2016-12-16,30.950956344604492,31.81306617436141,30.771856026373662,31.263623708424287,1748700,UFPI,"UFP Industries, Inc. - Common Stock"
2016-12-19,31.24844741821289,31.564151078257414,30.832571932102542,31.02988628538455,369300,UFPI,"UFP Industries, Inc. - Common Stock"
2016-12-20,32.22286605834961,32.2471525525108,30.878097412476183,31.37290129409056,363300,UFPI,"UFP Industries, Inc. - Common Stock"
2016-12-21,32.508216857910156,32.79356147599445,31.87984936449092,32.040735677192956,426000,UFPI,"UFP Industries, Inc. - Common Stock"
2016-12-22,32.46269226074219,32.73893168779894,32.052885753797135,32.62965111060256,345600,UFPI,"UFP Industries, Inc. - Common Stock"
2016-12-23,32.08626937866211,32.53553656173045,32.02859112063975,32.39893674340261,148200,UFPI,"UFP Industries, Inc. - Common Stock"
2016-12-27,32.44750213623047,32.69945496459685,31.837345241933434,32.08626529833992,211200,UFPI,"UFP Industries, Inc. - Common Stock"
2016-12-28,31.548961639404297,32.51124654929662,31.385039113481174,32.51124654929662,242700,UFPI,"UFP Industries, Inc. - Common Stock"
2016-12-29,31.515581130981445,32.15609370890309,30.90542754651584,31.67646746865579,297600,UFPI,"UFP Industries, Inc. - Common Stock"
2016-12-30,31.017738342285156,31.600572540962094,30.90238530621795,31.600572540962094,286800,UFPI,"UFP Industries, Inc. - Common Stock"
2017-01-03,31.615760803222656,31.87378622854384,31.063281934567016,31.31219861840138,273900,UFPI,"UFP Industries, Inc. - Common Stock"
2017-01-04,31.57324981689453,32.42929058639173,31.418436002645972,31.688602853025117,532800,UFPI,"UFP Industries, Inc. - Common Stock"
2017-01-05,31.066308975219727,31.989129822953416,30.920600420314404,31.491293128851733,189600,UFPI,"UFP Industries, Inc. - Common Stock"
2017-01-06,30.80828094482422,31.239334079496526,30.668641420632053,31.239334079496526,195000,UFPI,"UFP Industries, Inc. - Common Stock"
2017-01-09,30.53810691833496,31.10576326212466,30.392398393842928,30.66560144301983,184200,UFPI,"UFP Industries, Inc. - Common Stock"
2017-01-10,31.26665496826172,31.342547226292957,30.43793693999061,30.51382919802185,267300,UFPI,"UFP Industries, Inc. - Common Stock"
2017-01-11,31.409337997436523,31.646113142765124,30.89328372475114,31.297021181502448,258600,UFPI,"UFP Industries, Inc. - Common Stock"
2017-01-12,30.513832092285156,31.385047227475216,29.876355823773164,31.25451642212228,173400,UFPI,"UFP Industries, Inc. - Common Stock"
2017-01-13,31.196847915649414,31.293986977607794,30.7688274040348,30.7688274040348,125100,UFPI,"UFP Industries, Inc. - Common Stock"
2017-01-17,30.477405548095703,31.172556636594162,30.094918379013937,31.172556636594162,279300,UFPI,"UFP Industries, Inc. - Common Stock"
2017-01-18,30.92364501953125,30.957033315539313,30.128315034297074,30.562408043971757,180600,UFPI,"UFP Industries, Inc. - Common Stock"
2017-01-19,29.70029067993164,30.862922900692737,29.600115394671928,30.862922900692737,273600,UFPI,"UFP Industries, Inc. - Common Stock"
2017-01-20,29.60922622680664,30.167777542624798,29.430125872992125,29.718506797652207,226500,UFPI,"UFP Industries, Inc. - Common Stock"
2017-01-23,30.52900505065918,30.614002567890402,29.587970291079813,29.587970291079813,224100,UFPI,"UFP Industries, Inc. - Common Stock"
2017-01-24,31.60057258605957,31.7796728957398,30.68685703467805,30.68685703467805,290100,UFPI,"UFP Industries, Inc. - Common Stock"
2017-01-25,32.253231048583984,32.420186396912925,31.600576992308195,31.87378012717644,168300,UFPI,"UFP Industries, Inc. - Common Stock"
2017-01-26,31.72199821472168,32.40804401709323,31.658250934090947,32.31697746589683,112500,UFPI,"UFP Industries, Inc. - Common Stock"
2017-01-27,31.60968017578125,31.800922010194235,31.0480961841004,31.697713951001223,119400,UFPI,"UFP Industries, Inc. - Common Stock"
2017-01-30,30.87506675720215,31.394153753006357,30.73543068087905,31.394153753006357,240000,UFPI,"UFP Industries, Inc. - Common Stock"
2017-01-31,30.87506675720215,31.284873194407133,30.623113875714175,30.629182894879158,220800,UFPI,"UFP Industries, Inc. - Common Stock"
2017-02-01,30.79917335510254,31.640032881740467,30.310441950140135,30.996487664754344,271500,UFPI,"UFP Industries, Inc. - Common Stock"
2017-02-02,30.562408447265625,30.811325127854364,30.325629807233707,30.811325127854364,188700,UFPI,"UFP Industries, Inc. - Common Stock"
2017-02-03,30.938819885253906,31.06935419447778,30.380272000454887,30.884181332613238,146400,UFPI,"UFP Industries, Inc. - Common Stock"
2017-02-06,30.617040634155273,30.953994515379446,30.598826629172923,30.868996983450547,120900,UFPI,"UFP Industries, Inc. - Common Stock"
2017-02-07,30.80828094482422,30.972200015105024,30.501682630387364,30.61703566055954,205800,UFPI,"UFP Industries, Inc. - Common Stock"
2017-02-08,30.78096580505371,30.884177350683096,30.06760067382479,30.665612746399265,193800,UFPI,"UFP Industries, Inc. - Common Stock"
2017-02-09,31.372913360595703,31.570227739928427,30.77489772823023,30.829539755634794,187500,UFPI,"UFP Industries, Inc. - Common Stock"
2017-02-10,32.131797790527344,32.15608428338007,30.823457219401327,31.43664687087234,167400,UFPI,"UFP Industries, Inc. - Common Stock"
2017-02-13,31.527721405029297,32.09841418131845,30.87810358637564,31.888958325898628,211500,UFPI,"UFP Industries, Inc. - Common Stock"
2017-02-14,31.351655960083008,31.542897801469596,30.93881328635838,31.24237540414299,171900,UFPI,"UFP Industries, Inc. - Common Stock"
2017-02-15,32.51125717163086,32.623573979947025,31.2271992816724,31.2271992816724,261600,UFPI,"UFP Industries, Inc. - Common Stock"
2017-02-16,32.26234436035156,32.48090900713437,31.47612305016175,32.48090900713437,285600,UFPI,"UFP Industries, Inc. - Common Stock"
2017-02-17,31.779678344726562,32.26840984094009,31.44879693612037,32.12573751275782,321000,UFPI,"UFP Industries, Inc. - Common Stock"
2017-02-21,32.465728759765625,32.66304313404692,31.35166230164616,31.764505058877315,273900,UFPI,"UFP Industries, Inc. - Common Stock"
2017-02-22,32.00733947753906,32.36554006058959,31.640030156938746,32.36554006058959,247200,UFPI,"UFP Industries, Inc. - Common Stock"
2017-02-23,29.1690616607666,31.77360544261329,28.534621597854365,31.77360544261329,522600,UFPI,"UFP Industries, Inc. - Common Stock"
2017-02-24,28.989959716796875,30.89327980010009,28.04892480081085,29.169060044960652,539400,UFPI,"UFP Industries, Inc. - Common Stock"
2017-02-27,29.57886505126953,29.645648574565975,28.29480729890782,28.66818569572318,513900,UFPI,"UFP Industries, Inc. - Common Stock"
2017-02-28,29.08406639099121,29.366376539166666,28.601407385559508,29.296556761059,819300,UFPI,"UFP Industries, Inc. - Common Stock"
2017-03-01,30.444007873535156,30.629177191967,29.55761510955182,29.55761510955182,409200,UFPI,"UFP Industries, Inc. - Common Stock"
2017-03-02,30.064563751220703,30.562403987688697,29.084066248666158,30.29526986334329,317100,UFPI,"UFP Industries, Inc. - Common Stock"
2017-03-03,29.4422664642334,30.498654421909652,29.29655442624173,30.125276009471484,294000,UFPI,"UFP Industries, Inc. - Common Stock"
2017-03-06,29.405839920043945,29.436195438149444,29.01424748334356,29.33298389741766,446100,UFPI,"UFP Industries, Inc. - Common Stock"
2017-03-07,29.114418029785156,29.563686946617292,28.923176201116892,29.24495056550352,378900,UFPI,"UFP Industries, Inc. - Common Stock"
2017-03-08,28.543724060058594,29.153879263743107,28.012495623589952,29.153879263743107,419100,UFPI,"UFP Industries, Inc. - Common Stock"
2017-03-09,28.81996726989746,29.03853011076142,28.580154178335096,28.580154178335096,316800,UFPI,"UFP Industries, Inc. - Common Stock"
2017-03-10,28.68336296081543,29.02942032475154,28.48301240649931,29.02942032475154,242400,UFPI,"UFP Industries, Inc. - Common Stock"
2017-03-13,28.907997131347656,29.06888343774599,28.19463040313843,28.580152026246953,263700,UFPI,"UFP Industries, Inc. - Common Stock"
2017-03-14,28.558910369873047,29.02032088771714,28.43748654938776,28.677297943477452,168900,UFPI,"UFP Industries, Inc. - Common Stock"
2017-03-15,29.736717224121094,29.842965009232735,28.801754779763364,28.801754779763364,286800,UFPI,"UFP Industries, Inc. - Common Stock"
2017-03-16,30.201154708862305,30.380254976084593,29.748851409632213,29.748851409632213,312900,UFPI,"UFP Industries, Inc. - Common Stock"
2017-03-17,30.374191284179688,30.510794576738135,29.906710096302348,29.970457373105347,697200,UFPI,"UFP Industries, Inc. - Common Stock"
2017-03-20,30.149560928344727,30.465264573894654,29.955282830765206,30.39544479696251,263100,UFPI,"UFP Industries, Inc. - Common Stock"
2017-03-21,29.223703384399414,30.538116774691055,29.181202879810336,30.389371956562027,364800,UFPI,"UFP Industries, Inc. - Common Stock"
2017-03-22,28.789608001708984,29.241913146694795,28.52247565935284,29.202448894441208,264300,UFPI,"UFP Industries, Inc. - Common Stock"
2017-03-23,29.257091522216797,29.369408315050453,28.534617773429883,28.868535379664486,202200,UFPI,"UFP Industries, Inc. - Common Stock"
2017-03-24,29.436193466186523,29.764038598109387,29.038530299901566,29.38762394567818,264000,UFPI,"UFP Industries, Inc. - Common Stock"
2017-03-27,29.57886505126953,29.718501116547337,28.473907618484816,28.883714023273882,282900,UFPI,"UFP Industries, Inc. - Common Stock"
2017-03-28,29.718507766723633,29.76100827685874,28.75622590417631,29.354238027371277,235500,UFPI,"UFP Industries, Inc. - Common Stock"
2017-03-29,29.299592971801758,29.62440188838551,29.023355317354266,29.62440188838551,224100,UFPI,"UFP Industries, Inc. - Common Stock"
2017-03-30,29.745819091796875,29.89760011804888,29.247982467159233,29.348154262082137,199800,UFPI,"UFP Industries, Inc. - Common Stock"
2017-03-31,29.912782669067383,30.131343768987133,29.56368729490844,29.709395852843624,337800,UFPI,"UFP Industries, Inc. - Common Stock"
2017-04-03,28.30695343017578,30.116170925212057,28.06714204081408,29.961357077005964,423000,UFPI,"UFP Industries, Inc. - Common Stock"
2017-04-04,28.886747360229492,29.16602469039953,28.161239109373287,28.161239109373287,395700,UFPI,"UFP Industries, Inc. - Common Stock"
2017-04-05,28.768362045288086,29.411907331464104,28.540692197976202,29.138705946466168,263700,UFPI,"UFP Industries, Inc. - Common Stock"
2017-04-06,29.005138397216797,29.323876525380662,28.70461427340128,28.734969789326488,226200,UFPI,"UFP Industries, Inc. - Common Stock"
2017-04-07,29.09013557434082,29.15388285561233,28.692472391043317,28.941392497035007,396300,UFPI,"UFP Industries, Inc. - Common Stock"
2017-04-10,29.211563110351562,29.748864141980274,29.011212513279887,29.081030555391276,199500,UFPI,"UFP Industries, Inc. - Common Stock"
2017-04-11,29.87028694152832,29.888500948426458,28.85943387644779,29.147816529057327,210600,UFPI,"UFP Industries, Inc. - Common Stock"
2017-04-12,29.302627563476562,29.779217521983078,29.041565946278045,29.779217521983078,219900,UFPI,"UFP Industries, Inc. - Common Stock"
2017-04-13,28.835147857666016,29.445301429342912,28.646940514205944,29.229776550691415,244200,UFPI,"UFP Industries, Inc. - Common Stock"
2017-04-17,29.581899642944336,29.633505405692866,28.813892641959413,28.91406792130082,298800,UFPI,"UFP Industries, Inc. - Common Stock"
2017-04-18,29.803497314453125,29.9886701184215,29.466546940641056,29.545471971752953,340200,UFPI,"UFP Industries, Inc. - Common Stock"
2017-04-19,28.45873260498047,30.337766281580553,28.07928167892527,29.976532835234888,1089300,UFPI,"UFP Industries, Inc. - Common Stock"
2017-04-20,28.920135498046875,29.07798727811586,28.35551536395723,28.677287941773617,521400,UFPI,"UFP Industries, Inc. - Common Stock"
2017-04-21,28.935319900512695,29.175133003039097,28.346414875506362,29.074957711694548,682200,UFPI,"UFP Industries, Inc. - Common Stock"
2017-04-24,29.205488204956055,29.64261390194912,28.889786312683288,29.557619844119586,312600,UFPI,"UFP Industries, Inc. - Common Stock"
2017-04-25,29.384592056274414,29.609225687687264,29.332986281713808,29.506017612532702,259800,UFPI,"UFP Industries, Inc. - Common Stock"
2017-04-26,29.32691192626953,29.630470550736117,28.944424793913573,29.345122456126752,396000,UFPI,"UFP Industries, Inc. - Common Stock"
2017-04-27,29.509048461914062,29.648688016207235,29.21459854196345,29.4483374247256,343800,UFPI,"UFP Industries, Inc. - Common Stock"
2017-04-28,28.926210403442383,29.575828143935205,28.865499374153774,29.521189607161844,378900,UFPI,"UFP Industries, Inc. - Common Stock"
2017-05-01,28.844253540039062,29.032460886215496,28.61658367138718,28.9262148317124,326400,UFPI,"UFP Industries, Inc. - Common Stock"
2017-05-02,28.756223678588867,29.0506753468899,28.592301092678703,28.813898471351138,251700,UFPI,"UFP Industries, Inc. - Common Stock"
2017-05-03,28.501224517822266,28.807819347164994,28.23105595422168,28.583185786970564,273600,UFPI,"UFP Industries, Inc. - Common Stock"
2017-05-04,28.04285430908203,28.668187340311835,27.97000002593826,28.498194012976374,343200,UFPI,"UFP Industries, Inc. - Common Stock"
2017-05-05,27.933570861816406,28.48908583345134,27.66340399193449,28.19159795715059,437700,UFPI,"UFP Industries, Inc. - Common Stock"
2017-05-08,27.37805938720703,27.897146383653862,27.077535245212385,27.897146383653862,252300,UFPI,"UFP Industries, Inc. - Common Stock"
2017-05-09,27.235382080078125,28.237127878752446,27.016819265622846,27.350733373859057,321000,UFPI,"UFP Industries, Inc. - Common Stock"
2017-05-10,27.308242797851562,27.52984017364728,26.956112867392964,27.068429678656074,319200,UFPI,"UFP Industries, Inc. - Common Stock"
2017-05-11,27.290035247802734,27.40235208563814,26.473458382433943,27.168609667620842,474900,UFPI,"UFP Industries, Inc. - Common Stock"
2017-05-12,26.6009464263916,27.79090153339302,26.59487566997405,27.107891932396523,321000,UFPI,"UFP Industries, Inc. - Common Stock"
2017-05-15,26.83165168762207,26.950039250427544,26.458273256565256,26.710227878212667,398400,UFPI,"UFP Industries, Inc. - Common Stock"
2017-05-16,27.302167892456055,27.329488899667236,26.937896481222495,26.937896481222495,325800,UFPI,"UFP Industries, Inc. - Common Stock"
2017-05-17,27.32038116455078,27.329488166710263,25.55669894260209,26.777009440244,650400,UFPI,"UFP Industries, Inc. - Common Stock"
2017-05-18,27.229312896728516,27.654297067190164,27.192886625051177,27.24449239165905,572400,UFPI,"UFP Industries, Inc. - Common Stock"
2017-05-19,27.390199661254883,27.71197228333353,26.77397194833912,27.38412716877568,389100,UFPI,"UFP Industries, Inc. - Common Stock"
2017-05-22,27.496450424194336,27.790903847251982,27.25056653048743,27.453953388749973,317400,UFPI,"UFP Industries, Inc. - Common Stock"
2017-05-23,27.396268844604492,27.633045680211676,27.29002454334088,27.599655656290047,271200,UFPI,"UFP Industries, Inc. - Common Stock"
2017-05-24,27.402339935302734,27.605724999600763,27.305200903816086,27.402339935302734,427500,UFPI,"UFP Industries, Inc. - Common Stock"
2017-05-25,27.432697296142578,27.563228095617603,27.06842590353193,27.563228095617603,333300,UFPI,"UFP Industries, Inc. - Common Stock"
2017-05-26,27.535905838012695,27.669471132314456,27.220202261700553,27.335555291085818,218100,UFPI,"UFP Industries, Inc. - Common Stock"
2017-05-30,27.25524139404297,27.752510473676264,27.020333717341913,27.487095941273797,527400,UFPI,"UFP Industries, Inc. - Common Stock"
2017-05-31,26.825090408325195,27.337614725658366,26.565778611092178,27.337614725658366,300900,UFPI,"UFP Industries, Inc. - Common Stock"
2017-06-01,27.13626480102539,27.191177496360304,26.776278278726206,26.995932551352073,402300,UFPI,"UFP Industries, Inc. - Common Stock"
2017-06-02,27.419981002807617,27.877590846611294,27.230835344674457,27.255242925378433,510000,UFPI,"UFP Industries, Inc. - Common Stock"
2017-06-05,26.90440559387207,27.459636965529686,26.861694951239084,27.429130111781614,410400,UFPI,"UFP Industries, Inc. - Common Stock"
2017-06-06,26.91661262512207,27.264397106613334,26.706112502223384,26.727466954675737,344400,UFPI,"UFP Industries, Inc. - Common Stock"
2017-06-07,26.022748947143555,27.020338673207807,25.754284727317025,26.901360866764538,489300,UFPI,"UFP Industries, Inc. - Common Stock"
2017-06-08,26.07765769958496,26.242395762011594,25.772583916284315,25.99223641182935,636900,UFPI,"UFP Industries, Inc. - Common Stock"
2017-06-09,26.233245849609375,26.5291672358221,26.15697696520034,26.22409344382886,942600,UFPI,"UFP Industries, Inc. - Common Stock"
2017-06-12,26.47730827331543,26.828142402740745,26.208844062990625,26.208844062990625,513300,UFPI,"UFP Industries, Inc. - Common Stock"
2017-06-13,26.544416427612305,26.654243541031942,26.23019200496108,26.62068530486602,605700,UFPI,"UFP Industries, Inc. - Common Stock"
2017-06-14,26.791528701782227,26.82813832499271,26.22714489097819,26.541369343867927,585300,UFPI,"UFP Industries, Inc. - Common Stock"
2017-06-15,26.910511016845703,27.264396513388704,26.501712825446354,26.501712825446354,825900,UFPI,"UFP Industries, Inc. - Common Stock"
2017-06-16,27.15761947631836,27.29185245006553,26.672554129862444,26.831192940141545,1086900,UFPI,"UFP Industries, Inc. - Common Stock"
2017-06-19,27.337614059448242,27.435237404057766,27.03254023472193,27.392526754380324,227400,UFPI,"UFP Industries, Inc. - Common Stock"
2017-06-20,27.230833053588867,27.349812580527487,27.041689157012485,27.197276560640997,251400,UFPI,"UFP Industries, Inc. - Common Stock"
2017-06-21,26.825090408325195,27.383375014943084,26.69391056324704,27.23693999446022,252600,UFPI,"UFP Industries, Inc. - Common Stock"
2017-06-22,26.54136848449707,27.050841335275216,26.327817011064827,26.922711149473013,312900,UFPI,"UFP Industries, Inc. - Common Stock"
2017-06-23,26.80068016052246,27.011180249615514,26.388830642172696,26.550520811448106,321000,UFPI,"UFP Industries, Inc. - Common Stock"
2017-06-26,26.773221969604492,26.91355768474912,26.62373734059937,26.83728880562702,264000,UFPI,"UFP Industries, Inc. - Common Stock"
2017-06-27,26.15087890625,26.822040277295248,26.13562547676849,26.794583056842658,253800,UFPI,"UFP Industries, Inc. - Common Stock"
2017-06-28,26.638988494873047,26.754916622643773,26.29730687823286,26.29730687823286,353400,UFPI,"UFP Industries, Inc. - Common Stock"
2017-06-29,26.553571701049805,26.8281386414383,26.272905484244838,26.721362900005484,299700,UFPI,"UFP Industries, Inc. - Common Stock"
2017-06-30,26.63593864440918,26.828135655856684,26.45899680487691,26.611534558887374,240000,UFPI,"UFP Industries, Inc. - Common Stock"
2017-07-03,27.07219696044922,27.221683347474446,26.468152135936304,26.71526185841239,175800,UFPI,"UFP Industries, Inc. - Common Stock"
2017-07-05,26.8769474029541,27.2430348715769,26.56882400173526,27.017281369003527,388500,UFPI,"UFP Industries, Inc. - Common Stock"
2017-07-06,26.632888793945312,26.86169367749185,26.48035104115247,26.64814222009605,399600,UFPI,"UFP Industries, Inc. - Common Stock"
2017-07-07,26.38883399963379,26.779329118643492,26.370530931989535,26.742719492068833,270900,UFPI,"UFP Industries, Inc. - Common Stock"
2017-07-10,26.43459701538086,26.757975661451834,26.04410362750026,26.373583296346084,284400,UFPI,"UFP Industries, Inc. - Common Stock"
2017-07-11,26.501712799072266,26.751872182629427,26.27290786748157,26.32782056228327,203700,UFPI,"UFP Industries, Inc. - Common Stock"
2017-07-12,26.413238525390625,26.947115467910454,26.29731038217325,26.751868803815036,273600,UFPI,"UFP Industries, Inc. - Common Stock"
2017-07-13,26.867795944213867,26.92880965164496,26.401033750666198,26.5108608679421,287100,UFPI,"UFP Industries, Inc. - Common Stock"
2017-07-14,27.014230728149414,27.13015886614438,26.825085094417016,26.846439542724386,250500,UFPI,"UFP Industries, Inc. - Common Stock"
2017-07-17,27.368120193481445,27.429133909425122,26.785429779746885,26.998981276835845,587400,UFPI,"UFP Industries, Inc. - Common Stock"
2017-07-18,26.880002975463867,27.316256622275915,26.654247692065972,27.316256622275915,539100,UFPI,"UFP Industries, Inc. - Common Stock"
2017-07-19,27.13321876525879,28.509098189337067,27.026442998925766,27.148472196785885,960600,UFPI,"UFP Industries, Inc. - Common Stock"
2017-07-20,26.404081344604492,27.07219112068312,26.343065900287936,27.07219112068312,546600,UFPI,"UFP Industries, Inc. - Common Stock"
2017-07-21,25.867158889770508,26.47120375958922,25.72377525968881,26.449849307973775,520800,UFPI,"UFP Industries, Inc. - Common Stock"
2017-07-24,25.18073844909668,25.90986371765184,25.153282981136922,25.68105884122627,519300,UFPI,"UFP Industries, Inc. - Common Stock"
2017-07-25,26.48340606689453,26.501710879049963,25.092273510298025,25.229556110177835,902100,UFPI,"UFP Industries, Inc. - Common Stock"
2017-07-26,26.239351272583008,26.953223332411515,26.193590981648175,26.6542505122457,360600,UFPI,"UFP Industries, Inc. - Common Stock"
2017-07-27,26.34611701965332,26.587123920030315,26.04409467557077,26.340015998975527,364800,UFPI,"UFP Industries, Inc. - Common Stock"
2017-07-28,26.019691467285156,26.568823533360213,25.961727400903037,26.340018651299165,230700,UFPI,"UFP Industries, Inc. - Common Stock"
2017-07-31,25.58038902282715,26.09901254204741,25.507171523208655,26.016642636771248,405000,UFPI,"UFP Industries, Inc. - Common Stock"
2017-08-01,25.94647979736328,26.205791589718526,25.47971752373797,25.70547107299175,411600,UFPI,"UFP Industries, Inc. - Common Stock"
2017-08-02,25.293621063232422,25.937325158131966,25.269215229044963,25.937325158131966,537300,UFPI,"UFP Industries, Inc. - Common Stock"
2017-08-03,25.491920471191406,25.549886298275393,25.125832913915072,25.345485448280872,439800,UFPI,"UFP Industries, Inc. - Common Stock"
2017-08-04,25.903762817382812,25.922067626536517,25.49801610645095,25.555978426033207,466200,UFPI,"UFP Industries, Inc. - Common Stock"
2017-08-07,25.57733917236328,26.06850724969782,25.543780931487706,25.931222902245736,312000,UFPI,"UFP Industries, Inc. - Common Stock"
2017-08-08,25.36988639831543,25.87020683636899,25.26616204681216,25.513271754988,307200,UFPI,"UFP Industries, Inc. - Common Stock"
2017-08-09,25.128877639770508,25.406494182017003,24.997696081633634,25.250906793195192,323100,UFPI,"UFP Industries, Inc. - Common Stock"
2017-08-10,24.710935592651367,25.30582813741987,24.62551602883832,25.03126288464773,377100,UFPI,"UFP Industries, Inc. - Common Stock"
2017-08-11,24.753644943237305,24.96719645998395,24.689579837341952,24.817710049132657,197400,UFPI,"UFP Industries, Inc. - Common Stock"
2017-08-14,25.192949295043945,25.32413088738053,24.869570644930036,24.96414435451671,262200,UFPI,"UFP Industries, Inc. - Common Stock"
2017-08-15,24.54314422607422,25.3485368527234,24.503483213233263,25.192949422551685,301200,UFPI,"UFP Industries, Inc. - Common Stock"
2017-08-16,24.448564529418945,24.793297549665215,24.308230563636656,24.54008683281111,253800,UFPI,"UFP Industries, Inc. - Common Stock"
2017-08-17,24.051973342895508,24.631612345716185,24.03061714679039,24.299081324917097,291300,UFPI,"UFP Industries, Inc. - Common Stock"
2017-08-18,24.079423904418945,24.177048967651405,23.734690909563824,23.896381056759296,393000,UFPI,"UFP Industries, Inc. - Common Stock"
2017-08-21,24.146549224853516,24.341795931619185,24.04892587147068,24.091636524986484,237900,UFPI,"UFP Industries, Inc. - Common Stock"
2017-08-22,24.530935287475586,24.616356572472846,24.189253638772147,24.189253638772147,269100,UFPI,"UFP Industries, Inc. - Common Stock"
2017-08-23,24.433313369750977,24.59195216005681,24.256369767940065,24.390602724786763,476100,UFPI,"UFP Industries, Inc. - Common Stock"
2017-08-24,24.652971267700195,24.78720250828874,24.320441932230366,24.54009448144704,294300,UFPI,"UFP Industries, Inc. - Common Stock"
2017-08-25,24.87567138671875,25.061765660840052,24.43331497165395,24.683474344600373,285600,UFPI,"UFP Industries, Inc. - Common Stock"
2017-08-28,25.461410522460938,26.245448600466293,24.87872014012146,25.000751056719942,442500,UFPI,"UFP Industries, Inc. - Common Stock"
2017-08-29,25.732925415039062,25.77868744398734,25.16853985939166,25.327176904697925,534900,UFPI,"UFP Industries, Inc. - Common Stock"
2017-08-30,26.196632385253906,26.45289447260374,25.678008935118775,25.7451236582633,410400,UFPI,"UFP Industries, Inc. - Common Stock"
2017-08-31,26.605432510375977,26.959317944640354,26.352221787000218,26.391881045508306,580200,UFPI,"UFP Industries, Inc. - Common Stock"
2017-09-01,26.782377243041992,26.931863633699333,26.51391306402918,26.577979906913026,308400,UFPI,"UFP Industries, Inc. - Common Stock"
2017-09-05,26.812883377075195,27.08134753137445,26.62983876268611,26.818984398716747,711600,UFPI,"UFP Industries, Inc. - Common Stock"
2017-09-06,27.117958068847656,27.304052339503688,26.700007496624778,27.017285092129832,618000,UFPI,"UFP Industries, Inc. - Common Stock"
2017-09-07,27.121009826660156,27.374220582380644,26.623740721527515,27.13626325529304,327300,UFPI,"UFP Industries, Inc. - Common Stock"
2017-09-08,27.117958068847656,27.200327978844143,26.93186379819163,27.096603618184602,294300,UFPI,"UFP Industries, Inc. - Common Stock"
2017-09-11,26.761024475097656,27.307105273584146,26.3247690657456,27.307105273584146,343200,UFPI,"UFP Industries, Inc. - Common Stock"
2017-09-12,27.09050178527832,27.209479570800138,26.617636790112638,26.730515299219515,228600,UFPI,"UFP Industries, Inc. - Common Stock"
2017-09-13,27.206430435180664,27.27354517034301,27.014233398842094,27.14236533828213,268500,UFPI,"UFP Industries, Inc. - Common Stock"
2017-09-14,26.937965393066406,27.456590698674784,26.834241030201937,27.148467248444945,441300,UFPI,"UFP Industries, Inc. - Common Stock"
2017-09-15,27.215587615966797,27.313209224751777,26.849498291217575,26.995935068503226,576600,UFPI,"UFP Industries, Inc. - Common Stock"
2017-09-18,27.365068435668945,27.499301401940528,27.102705271151237,27.301003336545882,390600,UFPI,"UFP Industries, Inc. - Common Stock"
2017-09-19,27.804372787475586,27.914199915883287,27.362018126835782,27.404727028109292,483300,UFPI,"UFP Industries, Inc. - Common Stock"
2017-09-20,27.77692222595215,27.932509667081337,27.545065883675456,27.77387084147466,315900,UFPI,"UFP Industries, Inc. - Common Stock"
2017-09-21,28.12164878845215,28.38706156979052,27.697595472906553,27.77996537813226,303600,UFPI,"UFP Industries, Inc. - Common Stock"
2017-09-22,28.875179290771484,28.945347154791964,28.10334500604687,28.139954629995458,393600,UFPI,"UFP Industries, Inc. - Common Stock"
2017-09-25,29.25651741027832,29.390750349618713,28.801957293946906,28.90873301961058,595500,UFPI,"UFP Industries, Inc. - Common Stock"
2017-09-26,29.48837661743164,29.83920893527245,29.204657284682124,29.250417566406703,449700,UFPI,"UFP Industries, Inc. - Common Stock"
2017-09-27,29.515836715698242,29.69888136257998,29.094836471770627,29.491429133513762,483300,UFPI,"UFP Industries, Inc. - Common Stock"
2017-09-28,29.320587158203125,29.683625032307233,29.119239462823117,29.42736115520003,402300,UFPI,"UFP Industries, Inc. - Common Stock"
2017-09-29,29.945987701416016,29.997850752775516,29.186353725327113,29.31753530000109,579900,UFPI,"UFP Industries, Inc. - Common Stock"
2017-10-02,30.531726837158203,30.537829604655997,29.973442314825956,30.064962879578296,396000,UFPI,"UFP Industries, Inc. - Common Stock"
2017-10-03,31.001544952392578,31.004596336758137,30.318181488538755,30.681219419738117,429600,UFPI,"UFP Industries, Inc. - Common Stock"
2017-10-04,30.931371688842773,31.404234935823595,30.791039454051287,31.05340260320195,492000,UFPI,"UFP Industries, Inc. - Common Stock"
2017-10-05,30.90392303466797,31.083916316438376,30.27242260186126,30.93442989716646,363000,UFPI,"UFP Industries, Inc. - Common Stock"
2017-10-06,30.952728271484375,31.114416703850083,30.287669730074455,30.80934465106575,468000,UFPI,"UFP Industries, Inc. - Common Stock"
2017-10-09,30.446300506591797,31.03509178633536,30.309019682197523,30.952721895184727,219000,UFPI,"UFP Industries, Inc. - Common Stock"
2017-10-10,30.25411033630371,30.58358995621466,30.13513080882792,30.50427143499272,224700,UFPI,"UFP Industries, Inc. - Common Stock"
2017-10-11,30.214452743530273,30.510374158130713,30.101575970813816,30.205302082514844,273900,UFPI,"UFP Industries, Inc. - Common Stock"
2017-10-12,30.553070068359375,30.787977666194596,30.168679626030475,30.20834061989838,235800,UFPI,"UFP Industries, Inc. - Common Stock"
2017-10-13,30.495119094848633,30.989338554067047,30.406646417104856,30.61409862939069,273600,UFPI,"UFP Industries, Inc. - Common Stock"
2017-10-16,30.333431243896484,30.803243131963,30.211400323064563,30.638503309047227,186000,UFPI,"UFP Industries, Inc. - Common Stock"
2017-10-17,29.74463653564453,30.202246328500603,29.3877014558225,30.193095668809168,612900,UFPI,"UFP Industries, Inc. - Common Stock"
2017-10-18,32.20657730102539,32.64283440894565,31.0259466398338,32.032686829385895,1152900,UFPI,"UFP Industries, Inc. - Common Stock"
2017-10-19,33.0668830871582,33.14315021869483,32.218780015843166,32.36216361964622,819600,UFPI,"UFP Industries, Inc. - Common Stock"
2017-10-20,33.21027374267578,33.70754462322503,33.094345583353174,33.42077386344187,550800,UFPI,"UFP Industries, Inc. - Common Stock"
2017-10-23,33.50009536743164,33.71059550687308,33.18586910484481,33.417725444060075,434400,UFPI,"UFP Industries, Inc. - Common Stock"
2017-10-24,34.33598709106445,34.45191522840645,33.50008604353826,33.71058612439238,549300,UFPI,"UFP Industries, Inc. - Common Stock"
2017-10-25,33.50313949584961,34.31158512357487,33.40856754649794,34.31158512357487,493800,UFPI,"UFP Industries, Inc. - Common Stock"
2017-10-26,33.70449447631836,33.96075489513002,33.49399434782501,33.570261498355535,344700,UFPI,"UFP Industries, Inc. - Common Stock"
2017-10-27,33.47568893432617,34.32684358590194,33.31094909909949,33.78686379072254,277800,UFPI,"UFP Industries, Inc. - Common Stock"
2017-10-30,33.127906799316406,33.448232339816286,32.38962887266,33.448232339816286,409200,UFPI,"UFP Industries, Inc. - Common Stock"
2017-10-31,34.442771911621094,34.64717278087926,33.1248565812201,33.329257450478266,622500,UFPI,"UFP Industries, Inc. - Common Stock"
2017-11-01,34.564788818359375,34.68681971170742,34.04616537702199,34.68681971170742,361500,UFPI,"UFP Industries, Inc. - Common Stock"
2017-11-02,34.55564498901367,34.86376842965952,34.281079788824314,34.45802165155586,358800,UFPI,"UFP Industries, Inc. - Common Stock"
2017-11-03,34.439720153808594,34.7234360417515,34.31158994747486,34.46107286067336,466200,UFPI,"UFP Industries, Inc. - Common Stock"
2017-11-06,34.49767303466797,34.71122448379702,34.22005649992873,34.31462843665945,333600,UFPI,"UFP Industries, Inc. - Common Stock"
2017-11-07,34.31462860107422,34.72037880026325,33.942440127820966,34.50987873349472,232800,UFPI,"UFP Industries, Inc. - Common Stock"
2017-11-08,34.332950592041016,34.51599528253142,33.811275493479975,34.14380662301609,232200,UFPI,"UFP Industries, Inc. - Common Stock"
2017-11-09,34.332950592041016,34.77835852426735,33.76246380876834,34.082792889948315,282900,UFPI,"UFP Industries, Inc. - Common Stock"
2017-11-10,33.61907196044922,34.610558846732644,33.60381853089324,34.22311684821011,344700,UFPI,"UFP Industries, Inc. - Common Stock"
2017-11-13,33.64958572387695,34.28413760094892,33.18282509763485,33.469592425155916,333300,UFPI,"UFP Industries, Inc. - Common Stock"
2017-11-14,33.56108856201172,34.04920852607465,33.24991736548926,33.55193790558405,321300,UFPI,"UFP Industries, Inc. - Common Stock"
2017-11-15,33.75331115722656,33.83568108853123,32.975372141285334,33.50620136331254,270500,UFPI,"UFP Industries, Inc. - Common Stock"
2017-11-16,34.4671745300293,34.74173974788742,33.80821521414087,33.93634890767509,345200,UFPI,"UFP Industries, Inc. - Common Stock"
2017-11-17,33.7716064453125,34.439716370142,31.776427331148383,34.26582240240544,450800,UFPI,"UFP Industries, Inc. - Common Stock"
2017-11-20,34.220062255859375,34.43056235702614,33.799062053525844,34.17430197148154,209200,UFPI,"UFP Industries, Inc. - Common Stock"
2017-11-21,34.503780364990234,34.84241064675889,34.229215177305214,34.595300930456645,265600,UFPI,"UFP Industries, Inc. - Common Stock"
2017-11-22,34.174312591552734,34.70513833961062,34.128552292954346,34.64107322331548,113300,UFPI,"UFP Industries, Inc. - Common Stock"
2017-11-24,34.26582336425781,34.76919697837678,34.04617259744771,34.22006307877954,193200,UFPI,"UFP Industries, Inc. - Common Stock"
2017-11-27,34.56784439086914,34.61360467218828,33.991255070648144,34.22921411956473,380300,UFPI,"UFP Industries, Inc. - Common Stock"
2017-11-28,35.400691986083984,35.446452264697086,34.567842346697894,34.613602625310996,284500,UFPI,"UFP Industries, Inc. - Common Stock"
2017-11-29,35.75762176513672,36.21523146624293,34.915621590918064,35.49220730058673,342400,UFPI,"UFP Industries, Inc. - Common Stock"
2017-11-30,35.99663162231445,36.097746317525996,35.56459738151742,36.00582227345017,337500,UFPI,"UFP Industries, Inc. - Common Stock"
2017-12-01,35.38075256347656,36.00581846434693,34.222534276456784,36.00581846434693,275700,UFPI,"UFP Industries, Inc. - Common Stock"
2017-12-04,35.9506721496582,36.382706400022414,35.518637899293985,35.821981991646005,503500,UFPI,"UFP Industries, Inc. - Common Stock"
2017-12-05,34.709716796875,36.088545650413955,34.709716796875,36.088545650413955,361500,UFPI,"UFP Industries, Inc. - Common Stock"
2017-12-06,34.72810363769531,35.04063833640936,34.37880283237156,34.571838041609944,445600,UFPI,"UFP Industries, Inc. - Common Stock"
2017-12-07,35.30720138549805,35.57377573507313,34.25009814079256,34.73728659159512,410800,UFPI,"UFP Industries, Inc. - Common Stock"
2017-12-08,35.215301513671875,35.62894749760621,34.96711181938473,35.42672158512887,257400,UFPI,"UFP Industries, Inc. - Common Stock"
2017-12-11,34.98548126220703,35.610550549559115,34.93032685219031,35.26124629920526,167100,UFPI,"UFP Industries, Inc. - Common Stock"
2017-12-12,34.498294830322266,35.2888238890797,34.369604705695316,34.95790442201446,354000,UFPI,"UFP Industries, Inc. - Common Stock"
2017-12-13,34.4339599609375,35.0038785480505,34.029504662879454,34.47072958072749,212600,UFPI,"UFP Industries, Inc. - Common Stock"
2017-12-14,33.735347747802734,34.42476219698177,33.588272805572934,34.27768725475197,325500,UFPI,"UFP Industries, Inc. - Common Stock"
2017-12-15,34.911956787109375,35.270451837201826,33.68020249575285,33.735356929053296,740200,UFPI,"UFP Industries, Inc. - Common Stock"
2017-12-18,35.29802322387695,35.57378831804686,34.92114344365128,35.1693295738238,284000,UFPI,"UFP Industries, Inc. - Common Stock"
2017-12-19,34.75568771362305,35.417523315021235,34.70053328577994,35.07741310968162,269100,UFPI,"UFP Industries, Inc. - Common Stock"
2017-12-20,35.24286651611328,35.34398119560943,34.42476193698002,34.85679260408647,233000,UFPI,"UFP Industries, Inc. - Common Stock"
2017-12-21,35.399139404296875,35.51863891438502,35.11418361956718,35.27964340075264,159700,UFPI,"UFP Industries, Inc. - Common Stock"
2017-12-22,35.03145217895508,35.527831500548416,34.985491909891344,35.527831500548416,114800,UFPI,"UFP Industries, Inc. - Common Stock"
2017-12-26,34.976295471191406,35.42671449434717,34.88437493905849,35.104985618794906,110400,UFPI,"UFP Industries, Inc. - Common Stock"
2017-12-27,34.930328369140625,35.21528757345483,34.774062793787664,34.967097977415264,326400,UFPI,"UFP Industries, Inc. - Common Stock"
2017-12-28,35.049835205078125,35.114180279803186,34.746491132908325,35.02225623980768,144000,UFPI,"UFP Industries, Inc. - Common Stock"
2017-12-29,34.58103561401367,35.30721983970753,34.56265080375692,35.09579978157084,229300,UFPI,"UFP Industries, Inc. - Common Stock"
2018-01-02,34.479896545410156,34.985469703844096,34.26847663667485,34.672935163422,270900,UFPI,"UFP Industries, Inc. - Common Stock"
2018-01-03,34.47072982788086,34.718919503426875,34.07546517866431,34.59022933978316,266000,UFPI,"UFP Industries, Inc. - Common Stock"
2018-01-04,34.672943115234375,35.27043338393732,34.498289254432834,34.59021326183952,184000,UFPI,"UFP Industries, Inc. - Common Stock"
2018-01-05,35.150936126708984,35.206087022559366,34.60859677607962,34.64536287113247,167300,UFPI,"UFP Industries, Inc. - Common Stock"
2018-01-08,35.1969108581543,35.48186662141324,34.85679716326434,35.11418097379507,245300,UFPI,"UFP Industries, Inc. - Common Stock"
2018-01-09,35.059024810791016,35.27963899366074,34.81083517001638,35.12336988359813,299500,UFPI,"UFP Industries, Inc. - Common Stock"
2018-01-10,34.17657470703125,35.003873500284904,33.99273014113672,34.847604391984355,329500,UFPI,"UFP Industries, Inc. - Common Stock"
2018-01-11,34.884376525878906,34.90276133445048,34.14900171573426,34.4155726736629,323700,UFPI,"UFP Industries, Inc. - Common Stock"
2018-01-12,35.35316848754883,35.417513549018075,34.53506398611737,34.7740629343256,167500,UFPI,"UFP Industries, Inc. - Common Stock"
2018-01-16,34.42475509643555,35.69327840310791,34.25010122781379,35.53700933679068,412600,UFPI,"UFP Industries, Inc. - Common Stock"
2018-01-17,34.30525588989258,34.718905178464944,34.16737162485428,34.68213557358239,284300,UFPI,"UFP Industries, Inc. - Common Stock"
2018-01-18,34.571842193603516,34.62699311341322,34.1030383359586,34.1030383359586,181900,UFPI,"UFP Industries, Inc. - Common Stock"
2018-01-19,35.27043533325195,35.27962948777193,34.52587011809025,34.52587011809025,184000,UFPI,"UFP Industries, Inc. - Common Stock"
2018-01-22,34.976295471191406,35.178524849736064,34.58103087124151,35.09579496819902,182400,UFPI,"UFP Industries, Inc. - Common Stock"
2018-01-23,34.783260345458984,35.02225583358805,34.43395601061477,35.02225583358805,171100,UFPI,"UFP Industries, Inc. - Common Stock"
2018-01-24,35.11418151855469,35.5737912151155,35.013066824264314,35.013066824264314,174100,UFPI,"UFP Industries, Inc. - Common Stock"
2018-01-25,36.0426025390625,36.0793721675556,34.60862209327952,35.408342227008085,477100,UFPI,"UFP Industries, Inc. - Common Stock"
2018-01-26,36.11612319946289,36.20804371681998,35.53701412179293,36.20804371681998,284800,UFPI,"UFP Industries, Inc. - Common Stock"
2018-01-29,35.24286651611328,36.08854655091161,34.47991284831014,35.95066576604311,192000,UFPI,"UFP Industries, Inc. - Common Stock"
2018-01-30,35.1969108581543,35.38994608614461,34.847606512354936,34.911951588351705,187300,UFPI,"UFP Industries, Inc. - Common Stock"
2018-01-31,34.31446075439453,35.37156092563423,34.20415190531799,35.37156092563423,307200,UFPI,"UFP Industries, Inc. - Common Stock"
2018-02-01,34.167388916015625,34.443157585651036,33.68939783681465,34.24092816299688,629400,UFPI,"UFP Industries, Inc. - Common Stock"
2018-02-02,33.51473617553711,34.19496002759506,33.487160717529186,33.827270890286414,611500,UFPI,"UFP Industries, Inc. - Common Stock"
2018-02-05,31.88771629333496,33.39523889266051,31.87852564320288,33.15623991070625,421600,UFPI,"UFP Industries, Inc. - Common Stock"
2018-02-06,31.924495697021484,32.22783984255487,30.564051134957573,31.069621204302123,490900,UFPI,"UFP Industries, Inc. - Common Stock"
2018-02-07,32.31974792480469,32.58632234256585,31.924483376136234,31.924483376136234,438400,UFPI,"UFP Industries, Inc. - Common Stock"
2018-02-08,31.68549156188965,32.70582558357407,31.66710675442628,32.70582558357407,576600,UFPI,"UFP Industries, Inc. - Common Stock"
2018-02-09,32.08076095581055,32.38410155798227,31.088002243516176,32.08076095581055,296200,UFPI,"UFP Industries, Inc. - Common Stock"
2018-02-12,32.17267990112305,32.56794453471749,31.630340299670934,32.145104440444676,202700,UFPI,"UFP Industries, Inc. - Common Stock"
2018-02-13,32.33812713623047,32.47601139923279,31.648712834303797,31.887708249426357,159400,UFPI,"UFP Industries, Inc. - Common Stock"
2018-02-14,32.93561935424805,33.04592465543414,31.97963072652238,31.97963072652238,152200,UFPI,"UFP Industries, Inc. - Common Stock"
2018-02-15,33.18382263183594,33.61585692002959,32.696637417690155,33.165441327547974,257400,UFPI,"UFP Industries, Inc. - Common Stock"
2018-02-16,33.70775604248047,33.91917947939339,32.89884591928919,33.036726653074524,281300,UFPI,"UFP Industries, Inc. - Common Stock"
2018-02-20,33.340087890625,33.74454316222927,33.19301292762856,33.58827754815843,292200,UFPI,"UFP Industries, Inc. - Common Stock"
2018-02-21,33.34927749633789,33.94677148721279,33.2941265785328,33.422816728802815,213300,UFPI,"UFP Industries, Inc. - Common Stock"
2018-02-22,33.56989669799805,33.79970157393735,33.101092787417166,33.505551613258575,378000,UFPI,"UFP Industries, Inc. - Common Stock"
2018-02-23,31.575178146362305,33.99272562641315,30.646768296389123,33.965150172481586,508200,UFPI,"UFP Industries, Inc. - Common Stock"
2018-02-26,32.61390686035156,32.62310101885308,31.749841808043705,31.804992732876602,296700,UFPI,"UFP Industries, Inc. - Common Stock"
2018-02-27,31.611953735351562,33.16543672280537,31.611953735351562,32.74259314546398,477500,UFPI,"UFP Industries, Inc. - Common Stock"
2018-02-28,30.279083251953125,31.72225730923975,30.260698444698996,31.713066658884408,331900,UFPI,"UFP Industries, Inc. - Common Stock"
2018-03-01,30.049274444580078,30.977687802065038,29.72754912656627,30.269888595891675,461500,UFPI,"UFP Industries, Inc. - Common Stock"
2018-03-02,30.049274444580078,30.159583273507366,29.424205106830694,29.764318736208697,298200,UFPI,"UFP Industries, Inc. - Common Stock"
2018-03-05,30.086050033569336,30.426160223998373,29.81947557049678,29.957359880787738,346400,UFPI,"UFP Industries, Inc. - Common Stock"
2018-03-06,30.196353912353516,30.371007831118053,29.83785893084831,30.10443338098318,388200,UFPI,"UFP Industries, Inc. - Common Stock"
2018-03-07,30.279083251953125,30.426158203442736,29.89301281924669,30.030893613837513,305100,UFPI,"UFP Industries, Inc. - Common Stock"
2018-03-08,30.11362075805664,30.63757895085083,30.003315431094077,30.45373440155115,239000,UFPI,"UFP Industries, Inc. - Common Stock"
2018-03-09,30.720306396484375,30.812230427638404,30.067661554735366,30.205545848194788,274600,UFPI,"UFP Industries, Inc. - Common Stock"
2018-03-12,30.91333770751953,31.133948316385226,30.58241828767859,30.8397985002027,428800,UFPI,"UFP Industries, Inc. - Common Stock"
2018-03-13,31.060422897338867,31.133958622455346,30.610003869780016,30.839808708902304,393700,UFPI,"UFP Industries, Inc. - Common Stock"
2018-03-14,30.97768783569336,31.1615323775621,30.499693429451817,31.143147572720927,396400,UFPI,"UFP Industries, Inc. - Common Stock"
2018-03-15,30.757076263427734,31.097189921696852,30.453735724467734,30.96849627701641,341900,UFPI,"UFP Industries, Inc. - Common Stock"
2018-03-16,30.904146194458008,31.20749019075067,30.646765959937717,30.775456077197862,609100,UFPI,"UFP Industries, Inc. - Common Stock"
2018-03-19,30.83061408996582,30.92253461116609,30.334234859780874,30.92253461116609,224500,UFPI,"UFP Industries, Inc. - Common Stock"
2018-03-20,30.766277313232422,30.95931256368871,30.610008177236338,30.85819785919902,187600,UFPI,"UFP Industries, Inc. - Common Stock"
2018-03-21,30.720306396484375,31.179916032624785,30.545655997106586,30.784654971563818,186500,UFPI,"UFP Industries, Inc. - Common Stock"
2018-03-22,30.38939666748047,30.977696561947038,30.38939666748047,30.490507862774937,267600,UFPI,"UFP Industries, Inc. - Common Stock"
2018-03-23,29.359861373901367,30.527268410901325,29.350668971623072,30.527268410901325,238600,UFPI,"UFP Industries, Inc. - Common Stock"
2018-03-26,30.07685661315918,30.223931560873318,29.488556822302638,29.764321910948723,153300,UFPI,"UFP Industries, Inc. - Common Stock"
2018-03-27,29.55290412902832,30.122819156227983,29.415019820999937,30.122819156227983,166400,UFPI,"UFP Industries, Inc. - Common Stock"
2018-03-28,29.378252029418945,30.12282102724098,29.24956187075574,29.73674704470754,321800,UFPI,"UFP Industries, Inc. - Common Stock"
2018-03-29,29.828672409057617,30.15959197826458,29.580482732152394,29.580482732152394,188000,UFPI,"UFP Industries, Inc. - Common Stock"
2018-04-02,28.937023162841797,29.920587533985447,28.642873267165754,29.626437638309405,243000,UFPI,"UFP Industries, Inc. - Common Stock"
2018-04-03,29.654014587402344,29.81947435036385,28.87267954517353,29.084099574170224,223400,UFPI,"UFP Industries, Inc. - Common Stock"
2018-04-04,30.196353912353516,30.325047565432886,29.41501887607517,29.4242095265948,186000,UFPI,"UFP Industries, Inc. - Common Stock"
2018-04-05,30.674346923828125,30.77546160742893,30.15958636228707,30.472121063169855,414800,UFPI,"UFP Industries, Inc. - Common Stock"
2018-04-06,30.15039825439453,30.68354723614262,29.77351840771,30.51808744915487,217400,UFPI,"UFP Industries, Inc. - Common Stock"
2018-04-09,29.98493194580078,30.444541586015877,29.791896738480826,30.233121572302124,211800,UFPI,"UFP Industries, Inc. - Common Stock"
2018-04-10,30.334232330322266,30.508882708656582,29.91139235759108,30.334232330322266,196400,UFPI,"UFP Industries, Inc. - Common Stock"
2018-04-11,30.09524154663086,30.380197286595916,29.911396984578438,30.15039246066623,193200,UFPI,"UFP Industries, Inc. - Common Stock"
2018-04-12,30.352622985839844,30.47212248170767,30.049278920916166,30.233123489972016,208600,UFPI,"UFP Industries, Inc. - Common Stock"
2018-04-13,30.352622985839844,30.50888859028404,30.196353874852147,30.462928324655955,231800,UFPI,"UFP Industries, Inc. - Common Stock"
2018-04-16,30.711116790771484,30.922536809798842,30.2423164888488,30.490502615044516,329500,UFPI,"UFP Industries, Inc. - Common Stock"
2018-04-17,31.051225662231445,31.170725148562134,30.7846547402459,30.913344876351314,257700,UFPI,"UFP Industries, Inc. - Common Stock"
2018-04-18,31.25345802307129,31.43730259510395,30.91334784406418,31.06961345103863,286800,UFPI,"UFP Industries, Inc. - Common Stock"
2018-04-19,29.920591354370117,32.6874437661942,29.258754004592895,32.18187028106289,557700,UFPI,"UFP Industries, Inc. - Common Stock"
2018-04-20,30.564041137695312,30.591616594071564,29.819472256647003,29.819472256647003,471500,UFPI,"UFP Industries, Inc. - Common Stock"
2018-04-23,30.554851531982422,30.830616624799223,30.086047718304798,30.582426989301084,339500,UFPI,"UFP Industries, Inc. - Common Stock"
2018-04-24,30.09524154663086,30.885767202332556,29.718361772367906,30.729501603841182,398800,UFPI,"UFP Industries, Inc. - Common Stock"
2018-04-25,29.83785629272461,30.32504488423425,29.74593576948146,30.113621368997254,376000,UFPI,"UFP Industries, Inc. - Common Stock"
2018-04-26,29.96654510498047,30.159583805738315,29.51612965181258,29.9297790012322,238400,UFPI,"UFP Industries, Inc. - Common Stock"
2018-04-27,29.74593734741211,30.076856859110826,29.55290213443565,29.94816671712652,141700,UFPI,"UFP Industries, Inc. - Common Stock"
2018-04-30,29.304706573486328,29.865432585433386,29.176016449831508,29.736738955235683,276100,UFPI,"UFP Industries, Inc. - Common Stock"
2018-05-01,29.83785629272461,29.911395516553686,29.130058796085727,29.240364125286145,439800,UFPI,"UFP Industries, Inc. - Common Stock"
2018-05-02,29.83785629272461,30.2055453987836,29.70916615756692,29.810280837060304,168400,UFPI,"UFP Industries, Inc. - Common Stock"
2018-05-03,29.598861694335938,29.8378571656863,29.148442701562995,29.681591570292465,181500,UFPI,"UFP Industries, Inc. - Common Stock"
2018-05-04,30.003318786621094,30.187163356481683,29.460979234131283,29.654014454540324,209600,UFPI,"UFP Industries, Inc. - Common Stock"
2018-05-07,30.49968910217285,30.674339463570224,29.89300465466214,29.94815906136038,397500,UFPI,"UFP Industries, Inc. - Common Stock"
2018-05-08,31.0328426361084,31.08799705754991,30.343428147534922,30.619196748199048,282200,UFPI,"UFP Industries, Inc. - Common Stock"
2018-05-09,31.01446533203125,31.06042560254991,30.527276646210623,31.032846635003615,218700,UFPI,"UFP Industries, Inc. - Common Stock"
2018-05-10,31.3637638092041,31.363763809204105,30.986884009128072,31.01446297457805,279300,UFPI,"UFP Industries, Inc. - Common Stock"
2018-05-11,31.56598472595215,31.64871458702667,31.35456474910451,31.382140200615133,194200,UFPI,"UFP Industries, Inc. - Common Stock"
2018-05-14,30.609996795654297,31.61194580293371,30.508882128761634,31.61194580293371,299900,UFPI,"UFP Industries, Inc. - Common Stock"
2018-05-15,30.867387771606445,31.281033678099085,30.435353550597114,30.45373835857023,341600,UFPI,"UFP Industries, Inc. - Common Stock"
2018-05-16,31.3637638092041,31.4740726579168,30.674349284195976,30.913348283196548,316100,UFPI,"UFP Industries, Inc. - Common Stock"
2018-05-17,32.08995056152344,32.23702553189719,31.327000248504557,31.4281114415696,266800,UFPI,"UFP Industries, Inc. - Common Stock"
2018-05-18,32.37489700317383,32.53116256307101,32.0255927721991,32.246206893483794,298300,UFPI,"UFP Industries, Inc. - Common Stock"
2018-05-21,32.7058219909668,32.76097290075531,32.319748089731696,32.43005341585183,237400,UFPI,"UFP Industries, Inc. - Common Stock"
2018-05-22,32.512794494628906,32.963213616910885,32.39329847786667,32.715023917679304,427100,UFPI,"UFP Industries, Inc. - Common Stock"
2018-05-23,32.83451461791992,32.880474881750985,32.19106040465497,32.466825494184704,225100,UFPI,"UFP Industries, Inc. - Common Stock"
2018-05-24,33.340087890625,33.43200842754388,32.54955864956526,32.76097868971365,339000,UFPI,"UFP Industries, Inc. - Common Stock"
2018-05-25,33.31251525878906,33.542320127138325,33.0919010422944,33.321705910643665,529100,UFPI,"UFP Industries, Inc. - Common Stock"
2018-05-29,33.93758773803711,34.10304755528365,33.04594706348036,33.128676972103634,317400,UFPI,"UFP Industries, Inc. - Common Stock"
2018-05-30,34.17657470703125,34.48910941708891,33.78131011764822,34.011114948380516,267300,UFPI,"UFP Industries, Inc. - Common Stock"
2018-05-31,33.97336196899414,34.32436561946055,33.151277346366854,34.27818176314711,236200,UFPI,"UFP Industries, Inc. - Common Stock"
2018-06-01,34.51833724975586,34.98942170893894,33.77938503531408,34.065730559986186,420800,UFPI,"UFP Industries, Inc. - Common Stock"
2018-06-04,35.06332015991211,35.072559045933986,34.370551699580645,34.370551699580645,246000,UFPI,"UFP Industries, Inc. - Common Stock"
2018-06-05,35.4697380065918,35.62676379498993,35.007892477983056,35.174157150170345,262900,UFPI,"UFP Industries, Inc. - Common Stock"
2018-06-06,35.719139099121094,35.74685223278945,34.92476758054566,35.543639029366496,181400,UFPI,"UFP Industries, Inc. - Common Stock"
2018-06-07,35.63600540161133,35.866928183559764,35.460501832225226,35.709898859561775,375200,UFPI,"UFP Industries, Inc. - Common Stock"
2018-06-08,36.09785461425781,36.15327383242188,35.69142822184194,35.74685096360839,218800,UFPI,"UFP Industries, Inc. - Common Stock"
2018-06-11,36.19021224975586,36.40266074863399,35.78378949411092,36.09784456280064,183100,UFPI,"UFP Industries, Inc. - Common Stock"
2018-06-12,36.21792984008789,36.273352578647035,35.820742356086136,36.190220232609406,193500,UFPI,"UFP Industries, Inc. - Common Stock"
2018-06-13,35.1649284362793,36.38420070253873,35.12797993764046,36.35649109036098,195400,UFPI,"UFP Industries, Inc. - Common Stock"
2018-06-14,34.7769775390625,35.285007030126636,34.26894452439582,35.15569081679423,330800,UFPI,"UFP Industries, Inc. - Common Stock"
2018-06-15,34.72154998779297,35.1094985740824,34.45367871234433,34.63841764450208,510700,UFPI,"UFP Industries, Inc. - Common Stock"
2018-06-18,35.12797164916992,35.1556847784115,34.25046791696322,34.555284149805075,366300,UFPI,"UFP Industries, Inc. - Common Stock"
2018-06-19,35.03559875488281,35.13720532530363,34.296646684006056,34.841624496952925,198000,UFPI,"UFP Industries, Inc. - Common Stock"
2018-06-20,35.12797164916992,35.266526724571996,34.69383922520715,35.192629744730375,218200,UFPI,"UFP Industries, Inc. - Common Stock"
2018-06-21,34.58298873901367,35.27575696833078,34.42596296503048,35.13720543662822,190400,UFPI,"UFP Industries, Inc. - Common Stock"
2018-06-22,33.90869903564453,34.76773203040703,33.622357053124944,34.57375774735792,553600,UFPI,"UFP Industries, Inc. - Common Stock"
2018-06-25,33.54845428466797,33.85327398279623,33.2251638687149,33.77014165817955,397900,UFPI,"UFP Industries, Inc. - Common Stock"
2018-06-26,34.13039016723633,34.158099775377124,33.372963673501694,33.51151523780793,216100,UFPI,"UFP Industries, Inc. - Common Stock"
2018-06-27,33.511505126953125,34.28740563321649,33.493030885899095,34.121140987331394,150200,UFPI,"UFP Industries, Inc. - Common Stock"
2018-06-28,33.659305572509766,33.81633490651101,33.14204076309918,33.52075400867575,145700,UFPI,"UFP Industries, Inc. - Common Stock"
2018-06-29,33.825557708740234,34.08419354101764,33.659293074990806,33.751664273518784,258900,UFPI,"UFP Industries, Inc. - Common Stock"
2018-07-02,34.25046157836914,34.28740653785076,33.40989944443879,33.58540297728196,365000,UFPI,"UFP Industries, Inc. - Common Stock"
2018-07-03,34.4998664855957,34.78621203916518,34.06573399782563,34.37055027546835,108600,UFPI,"UFP Industries, Inc. - Common Stock"
2018-07-05,34.91553497314453,34.934009224377895,34.17658254182568,34.61071863680188,231400,UFPI,"UFP Industries, Inc. - Common Stock"
2018-07-06,35.15569305419922,35.39585124801481,34.58300189641869,34.83239897669032,148500,UFPI,"UFP Industries, Inc. - Common Stock"
2018-07-09,35.3034782409668,35.423555558100446,34.88781650272892,35.229581254790176,183400,UFPI,"UFP Industries, Inc. - Common Stock"
2018-07-10,34.9432373046875,35.39584398731349,34.758498373092344,35.39584398731349,207500,UFPI,"UFP Industries, Inc. - Common Stock"
2018-07-11,34.656898498535156,35.081795656996924,34.47215953115095,34.72155660857922,177500,UFPI,"UFP Industries, Inc. - Common Stock"
2018-07-12,34.758506774902344,35.035613477476154,34.25047723291653,34.83240025124068,167100,UFPI,"UFP Industries, Inc. - Common Stock"
2018-07-13,35.01713180541992,35.29423844925948,34.38902153346244,34.573760470556195,141000,UFPI,"UFP Industries, Inc. - Common Stock"
2018-07-16,34.7492561340332,35.192627412899775,34.5645172202717,35.192627412899775,168800,UFPI,"UFP Industries, Inc. - Common Stock"
2018-07-17,35.6082878112793,35.68218478357511,34.80467761737101,34.80467761737101,350500,UFPI,"UFP Industries, Inc. - Common Stock"
2018-07-18,35.4697380065918,35.68218652691961,35.044837442334426,35.59905419082596,514400,UFPI,"UFP Industries, Inc. - Common Stock"
2018-07-19,33.409908294677734,33.82557003046545,31.774978006583105,31.784213367999623,1570600,UFPI,"UFP Industries, Inc. - Common Stock"
2018-07-20,33.88098907470703,33.927172923957244,33.04966569379582,33.40066929058076,497800,UFPI,"UFP Industries, Inc. - Common Stock"
2018-07-23,33.114322662353516,33.742432856900514,33.09585194216247,33.742432856900514,415400,UFPI,"UFP Industries, Inc. - Common Stock"
2018-07-24,32.92034912109375,33.2159299811573,32.430793982288826,33.10508803953392,489300,UFPI,"UFP Industries, Inc. - Common Stock"
2018-07-25,32.74485778808594,32.929596755618135,32.23682827007444,32.929596755618135,329300,UFPI,"UFP Industries, Inc. - Common Stock"
2018-07-26,33.72396469116211,33.76091318540684,32.735615373530834,32.735615373530834,289800,UFPI,"UFP Industries, Inc. - Common Stock"
2018-07-27,32.883399963378906,33.89946223231807,32.86492924315245,33.80709101317721,315200,UFPI,"UFP Industries, Inc. - Common Stock"
2018-07-30,32.86492919921875,33.35448432740486,32.837216071712675,32.837216071712675,235600,UFPI,"UFP Industries, Inc. - Common Stock"
2018-07-31,34.02879333496094,34.139635322925365,32.68020465665003,33.06815337632717,439700,UFPI,"UFP Industries, Inc. - Common Stock"
2018-08-01,33.2159309387207,34.02878008912954,33.02195665438736,34.02878008912954,373100,UFPI,"UFP Industries, Inc. - Common Stock"
2018-08-02,33.62236404418945,33.66854790352765,32.92959558330865,33.00348905352924,136500,UFPI,"UFP Industries, Inc. - Common Stock"
2018-08-03,33.78862762451172,34.01031155134801,33.56694017407294,33.899469587929865,223000,UFPI,"UFP Industries, Inc. - Common Stock"
2018-08-06,33.899471282958984,34.13039410706143,33.65007421009603,33.982603640579974,225000,UFPI,"UFP Industries, Inc. - Common Stock"
2018-08-07,33.98260498046875,34.32436978700695,33.90870798251303,34.03802420533274,173900,UFPI,"UFP Industries, Inc. - Common Stock"
2018-08-08,33.825557708740234,33.98258698443733,33.55769004201143,33.86250618815142,214400,UFPI,"UFP Industries, Inc. - Common Stock"
2018-08-09,33.99184036254883,34.232002082437326,33.80710139115833,33.87175950260458,134300,UFPI,"UFP Industries, Inc. - Common Stock"
2018-08-10,34.010311126708984,34.04725962192121,33.446858907331176,33.79786256464238,160400,UFPI,"UFP Industries, Inc. - Common Stock"
2018-08-13,33.62236404418945,34.287419370585255,33.49304430499885,34.102680409629855,148000,UFPI,"UFP Industries, Inc. - Common Stock"
2018-08-14,33.99184036254883,34.13963083494067,33.668549805317554,33.668549805317554,127100,UFPI,"UFP Industries, Inc. - Common Stock"
2018-08-15,33.77938461303711,34.07496549511876,33.39143602665572,33.72396187629603,127300,UFPI,"UFP Industries, Inc. - Common Stock"
2018-08-16,34.09344482421875,34.25047417326472,33.797863898064364,33.95488972350775,215000,UFPI,"UFP Industries, Inc. - Common Stock"
2018-08-17,34.24123001098633,34.2781785019628,33.4468550730025,33.99183298229824,157500,UFPI,"UFP Industries, Inc. - Common Stock"
2018-08-20,34.61994552612305,34.70307787452194,34.08420646590973,34.32436462594971,224100,UFPI,"UFP Industries, Inc. - Common Stock"
2018-08-21,35.07255554199219,35.23882023774919,34.638419556004216,34.638419556004216,234200,UFPI,"UFP Industries, Inc. - Common Stock"
2018-08-22,34.61070251464844,35.17415458219112,34.42596361197193,35.01712528165557,106000,UFPI,"UFP Industries, Inc. - Common Stock"
2018-08-23,34.13039016723633,34.60147112364113,33.96412547118704,34.60147112364113,124100,UFPI,"UFP Industries, Inc. - Common Stock"
2018-08-24,34.231990814208984,34.25970041753534,33.83480338972354,34.222751930699104,215100,UFPI,"UFP Industries, Inc. - Common Stock"
2018-08-27,34.53681564331055,34.7862127063117,34.26894433227939,34.26894433227939,223100,UFPI,"UFP Industries, Inc. - Common Stock"
2018-08-28,34.139625549316406,34.656893884403836,34.0380189546026,34.536813043050955,130100,UFPI,"UFP Industries, Inc. - Common Stock"
2018-08-29,34.43520736694336,34.55528821149956,33.9733617594528,34.287416913490475,232300,UFPI,"UFP Industries, Inc. - Common Stock"
2018-08-30,34.36131286621094,34.64765487911792,34.1211511843381,34.29665476499954,106200,UFPI,"UFP Industries, Inc. - Common Stock"
2018-08-31,34.60147476196289,34.72155561586985,34.35207769166502,34.35207769166502,175300,UFPI,"UFP Industries, Inc. - Common Stock"
2018-09-04,34.398258209228516,34.61070673998206,34.1396223044661,34.564519365973176,190400,UFPI,"UFP Industries, Inc. - Common Stock"
2018-09-05,34.7769775390625,34.82316139759514,34.30589302066295,34.30589302066295,197200,UFPI,"UFP Industries, Inc. - Common Stock"
2018-09-06,34.50910949707031,34.96171628662877,34.490635247185885,34.87858392395028,125900,UFPI,"UFP Industries, Inc. - Common Stock"
2018-09-07,34.72154998779297,34.75849847894493,34.121149339180775,34.462917596933345,201900,UFPI,"UFP Industries, Inc. - Common Stock"
2018-09-10,34.980186462402344,35.10026731086399,34.47215698236033,34.850870251875556,231100,UFPI,"UFP Industries, Inc. - Common Stock"
2018-09-11,35.192626953125,35.28499817059982,34.50909756181966,34.88781074446226,284700,UFPI,"UFP Industries, Inc. - Common Stock"
2018-09-12,35.3311882019043,35.48821401369478,34.90629109795117,35.054081548178445,263000,UFPI,"UFP Industries, Inc. - Common Stock"
2018-09-13,34.296669006347656,35.48822845459959,34.28743011742267,35.32196721359071,301500,UFPI,"UFP Industries, Inc. - Common Stock"
2018-09-14,34.95248031616211,35.09103542608639,34.03802434258803,34.27818606330975,163400,UFPI,"UFP Industries, Inc. - Common Stock"
2018-09-17,34.30589294433594,35.054084135869225,34.28741869624348,35.054084135869225,157600,UFPI,"UFP Industries, Inc. - Common Stock"
2018-09-18,34.038021087646484,34.48139598756462,34.038021087646484,34.268943899702705,168400,UFPI,"UFP Industries, Inc. - Common Stock"
2018-09-19,33.363731384277344,34.20429039221214,33.27136365647908,34.130396914694124,320500,UFPI,"UFP Industries, Inc. - Common Stock"
2018-09-20,33.068145751953125,33.60388836353009,32.80951333180008,33.520756010823405,331500,UFPI,"UFP Industries, Inc. - Common Stock"
2018-09-21,32.80951690673828,33.15128171683684,32.52317132208105,33.15128171683684,623600,UFPI,"UFP Industries, Inc. - Common Stock"
2018-09-24,32.458499908447266,32.781793859980844,32.35689333863961,32.744845375759624,165900,UFPI,"UFP Industries, Inc. - Common Stock"
2018-09-25,32.14445114135742,32.36613856654287,31.98742533803604,32.36613856654287,272700,UFPI,"UFP Industries, Inc. - Common Stock"
2018-09-26,31.99665641784668,32.49545041507216,31.876575598455002,32.153685723759125,379500,UFPI,"UFP Industries, Inc. - Common Stock"
2018-09-27,32.54164123535156,32.58782509159928,31.959714780543756,32.01513752220243,398600,UFPI,"UFP Industries, Inc. - Common Stock"
2018-09-28,32.634010314941406,32.791036120527586,32.476980985753094,32.476980985753094,458700,UFPI,"UFP Industries, Inc. - Common Stock"
2018-10-01,31.322359085083008,32.846450518792,31.220752519688908,32.809502036175736,356800,UFPI,"UFP Industries, Inc. - Common Stock"
2018-10-02,31.220766067504883,31.488637397309944,31.100685208695243,31.340846926314526,265400,UFPI,"UFP Industries, Inc. - Common Stock"
2018-10-03,31.53481101989746,31.71954992956022,31.128388237520685,31.285414020392977,325500,UFPI,"UFP Industries, Inc. - Common Stock"
2018-10-04,31.802696228027344,31.987435218813268,31.26695350710849,31.4978763646901,324400,UFPI,"UFP Industries, Inc. - Common Stock"
2018-10-05,31.858116149902344,31.987432374874288,31.359321976208108,31.867351512999115,330900,UFPI,"UFP Industries, Inc. - Common Stock"
2018-10-08,32.31996154785156,32.39385502280293,31.636428405636504,31.848876991075592,315200,UFPI,"UFP Industries, Inc. - Common Stock"
2018-10-09,31.691850662231445,32.458512630505936,31.68261177575428,32.458512630505936,423900,UFPI,"UFP Industries, Inc. - Common Stock"
2018-10-10,31.507099151611328,31.88581230357294,31.340834497228045,31.774970375184544,614000,UFPI,"UFP Industries, Inc. - Common Stock"
2018-10-11,30.389442443847656,31.719556527616632,30.343255064123205,31.294659413529615,290100,UFPI,"UFP Industries, Inc. - Common Stock"
2018-10-12,30.306304931640625,30.786624705427876,29.946062458598867,30.786624705427876,422900,UFPI,"UFP Industries, Inc. - Common Stock"
2018-10-15,30.306304931640625,30.56493730075616,30.093856410781182,30.306304931640625,397900,UFPI,"UFP Industries, Inc. - Common Stock"
2018-10-16,31.48863410949707,31.682608421749656,30.08462301983578,30.5002847772359,463400,UFPI,"UFP Industries, Inc. - Common Stock"
2018-10-17,28.966955184936523,30.297069179656297,27.56294420648681,30.112330243933577,1554500,UFPI,"UFP Industries, Inc. - Common Stock"
2018-10-18,27.84005355834961,29.216353301875987,27.655316366444772,28.403505781532004,669200,UFPI,"UFP Industries, Inc. - Common Stock"
2018-10-19,26.713146209716797,28.191052295921782,26.482223438803548,27.904706791492686,772300,UFPI,"UFP Industries, Inc. - Common Stock"
2018-10-22,26.666963577270508,27.75691762581115,26.648489331922104,26.814754016455712,653300,UFPI,"UFP Industries, Inc. - Common Stock"
2018-10-23,26.796283721923828,27.45210367227647,25.863355335891587,26.29748959478131,901800,UFPI,"UFP Industries, Inc. - Common Stock"
2018-10-24,25.577009201049805,27.1380460226971,25.53082358508914,26.8239926431701,738400,UFPI,"UFP Industries, Inc. - Common Stock"
2018-10-25,26.362150192260742,26.86094257139953,25.419984656130318,25.78022369449729,633600,UFPI,"UFP Industries, Inc. - Common Stock"
2018-10-26,25.72479820251465,26.306722836499844,24.93042327065456,26.001904835497882,467200,UFPI,"UFP Industries, Inc. - Common Stock"
2018-10-29,25.16134262084961,26.34366773473445,24.754918087670323,26.10350786339218,368100,UFPI,"UFP Industries, Inc. - Common Stock"
2018-10-30,25.891061782836914,26.195879770839163,25.05050303526099,25.05050303526099,575500,UFPI,"UFP Industries, Inc. - Common Stock"
2018-10-31,26.112751007080078,26.472990016273517,25.604719782990664,26.26054146017488,504900,UFPI,"UFP Industries, Inc. - Common Stock"
2018-11-01,26.685434341430664,27.07338465974579,26.158930715531753,26.186642081768866,392100,UFPI,"UFP Industries, Inc. - Common Stock"
2018-11-02,26.83323097229004,26.89789084178629,26.260543365447937,26.740863253755137,395400,UFPI,"UFP Industries, Inc. - Common Stock"
2018-11-05,26.897886276245117,27.082623443759662,26.334434127453616,26.944070127673502,444400,UFPI,"UFP Industries, Inc. - Common Stock"
2018-11-06,26.630020141601562,27.036444807410703,26.482229674362117,26.777810608841005,250800,UFPI,"UFP Industries, Inc. - Common Stock"
2018-11-07,26.823989868164062,26.870173717545793,26.03885209606818,26.676197674180493,322700,UFPI,"UFP Industries, Inc. - Common Stock"
2018-11-08,26.519174575805664,27.008731565797024,26.33443738543624,26.777808756484326,252800,UFPI,"UFP Industries, Inc. - Common Stock"
2018-11-09,25.955720901489258,26.611540752973593,25.641665778811944,26.38061797228739,276200,UFPI,"UFP Industries, Inc. - Common Stock"
2018-11-12,25.58624267578125,26.205115746997357,25.558531310156344,26.01113971122471,315800,UFPI,"UFP Industries, Inc. - Common Stock"
2018-11-13,25.835641860961914,26.18664549856017,25.678614288731353,25.752509513204494,293100,UFPI,"UFP Industries, Inc. - Common Stock"
2018-11-14,26.029617309570312,26.49146289203451,25.715562172550573,26.020380186504898,460800,UFPI,"UFP Industries, Inc. - Common Stock"
2018-11-15,26.186643600463867,26.343671161312542,25.780219014420062,25.872588478766517,253400,UFPI,"UFP Industries, Inc. - Common Stock"
2018-11-16,26.279014587402344,26.325198441350942,25.697088161563865,25.817169000711978,387600,UFPI,"UFP Industries, Inc. - Common Stock"
2018-11-19,25.69709014892578,26.50070230710927,25.55853681456345,26.121989037678325,279800,UFPI,"UFP Industries, Inc. - Common Stock"
2018-11-20,24.95813751220703,25.70632691684472,24.717977580463817,25.577010708137298,334800,UFPI,"UFP Industries, Inc. - Common Stock"
2018-11-21,25.503114700317383,25.817169850548833,25.068978706985064,25.068978706985064,184300,UFPI,"UFP Industries, Inc. - Common Stock"
2018-11-23,25.429216384887695,25.872587686004138,25.179819367334343,25.179819367334343,79200,UFPI,"UFP Industries, Inc. - Common Stock"
2018-11-26,25.39226531982422,25.678609035857384,25.142868327569158,25.58624134551174,385600,UFPI,"UFP Industries, Inc. - Common Stock"
2018-11-27,24.5424747467041,25.604719267617533,24.50552801507465,25.33684973745033,310500,UFPI,"UFP Industries, Inc. - Common Stock"
2018-11-28,25.25372314453125,25.383039377408096,24.163767005136318,24.597901331081108,550800,UFPI,"UFP Industries, Inc. - Common Stock"
2018-11-29,25.681428909301758,25.923178663396918,25.12354090517176,25.253714122527168,324700,UFPI,"UFP Industries, Inc. - Common Stock"
2018-11-30,25.718624114990234,25.9510773349547,25.476872553409912,25.597749220938734,271900,UFPI,"UFP Industries, Inc. - Common Stock"
2018-12-03,26.07195472717285,26.304407953598528,25.62564318459275,26.08125129556979,354200,UFPI,"UFP Industries, Inc. - Common Stock"
2018-12-04,24.472673416137695,25.90458602644312,24.342500187374377,25.876691003075024,438800,UFPI,"UFP Industries, Inc. - Common Stock"
2018-12-06,24.984071731567383,24.99336829928524,24.165835441170817,24.17513378236592,402700,UFPI,"UFP Industries, Inc. - Common Stock"
2018-12-07,25.1700382232666,25.309509821879303,24.900393369079065,25.039864967691763,455600,UFPI,"UFP Industries, Inc. - Common Stock"
2018-12-10,24.71442985534668,25.476876243507284,24.537764886011697,25.1235480783149,412500,UFPI,"UFP Industries, Inc. - Common Stock"
2018-12-11,24.33320426940918,25.21652725577938,24.30530924326323,25.18863222963343,298100,UFPI,"UFP Industries, Inc. - Common Stock"
2018-12-12,24.85389518737793,25.077050041793107,24.51916379249373,24.621441992344142,362600,UFPI,"UFP Industries, Inc. - Common Stock"
2018-12-13,24.742319107055664,25.32810038910497,24.686529062306462,25.03056057768455,350200,UFPI,"UFP Industries, Inc. - Common Stock"
2018-12-14,24.379695892333984,25.26301893979695,24.333205952352788,24.509870916540887,407200,UFPI,"UFP Industries, Inc. - Common Stock"
2018-12-17,24.454078674316406,24.95617849392022,24.314607093363357,24.37969371290962,430300,UFPI,"UFP Industries, Inc. - Common Stock"
2018-12-18,24.844594955444336,25.25371304413295,24.64003679783853,24.658633477660057,345100,UFPI,"UFP Industries, Inc. - Common Stock"
2018-12-19,24.528461456298828,25.402486005276963,24.500568206673037,24.965474617526503,486400,UFPI,"UFP Industries, Inc. - Common Stock"
2018-12-20,24.01706886291504,24.86319852087452,23.812510648658925,24.50987037379987,345400,UFPI,"UFP Industries, Inc. - Common Stock"
2018-12-21,24.165834426879883,24.60284580384394,24.00776618015209,24.044959543371416,1656500,UFPI,"UFP Industries, Inc. - Common Stock"
2018-12-24,22.743223190307617,24.147240913459367,22.715329937710614,24.147240913459367,398300,UFPI,"UFP Industries, Inc. - Common Stock"
2018-12-26,23.421987533569336,23.449880785646233,22.44568292089834,22.799012817342938,266700,UFPI,"UFP Industries, Inc. - Common Stock"
2018-12-27,23.663738250732422,23.67303481877233,22.799011997881845,22.975675166277,342300,UFPI,"UFP Industries, Inc. - Common Stock"
2018-12-28,23.88689422607422,24.156539048574235,23.32900612370648,23.700930934125843,380100,UFPI,"UFP Industries, Inc. - Common Stock"
2018-12-31,24.137937545776367,24.21232426648703,23.496368040940183,24.044957691842104,296900,UFPI,"UFP Industries, Inc. - Common Stock"
2019-01-02,24.60284423828125,24.77021081516377,23.403386726418276,23.700926519330732,389000,UFPI,"UFP Industries, Inc. - Common Stock"
2019-01-03,24.119346618652344,24.770214570967454,23.942681674769712,24.463376391317265,309500,UFPI,"UFP Industries, Inc. - Common Stock"
2019-01-04,25.216527938842773,25.393191122120324,23.803211831757622,24.48197485839863,289900,UFPI,"UFP Industries, Inc. - Common Stock"
2019-01-07,25.579153060913086,25.923182840350115,24.62144513661832,25.290911558834996,291600,UFPI,"UFP Industries, Inc. - Common Stock"
2019-01-08,26.00686264038086,26.044056002595653,25.551254594112383,25.923179348874697,221700,UFPI,"UFP Industries, Inc. - Common Stock"
2019-01-09,26.51826286315918,26.61124450269869,25.495468375179115,26.090548030668344,255300,UFPI,"UFP Industries, Inc. - Common Stock"
2019-01-10,26.74142074584961,26.936680614745125,26.332302549883213,26.481072480511454,279900,UFPI,"UFP Industries, Inc. - Common Stock"
2019-01-11,26.806503295898438,26.815801636834617,26.146337050724387,26.592646774797874,228700,UFPI,"UFP Industries, Inc. - Common Stock"
2019-01-14,26.62984275817871,26.983172678133464,26.45317957167882,26.620544415708586,229800,UFPI,"UFP Industries, Inc. - Common Stock"
2019-01-15,26.323001861572266,26.834400004322735,25.941778726628133,26.648436720872144,244000,UFPI,"UFP Industries, Inc. - Common Stock"
2019-01-16,26.536863327026367,26.732123201752568,26.276515053913915,26.33230333619604,230200,UFPI,"UFP Industries, Inc. - Common Stock"
2019-01-17,27.1412353515625,27.21562030249389,26.48106736025395,26.48106736025395,232400,UFPI,"UFP Industries, Inc. - Common Stock"
2019-01-18,27.23421859741211,27.754913284786593,27.131938618766732,27.290006870547213,228000,UFPI,"UFP Industries, Inc. - Common Stock"
2019-01-22,27.23421859741211,27.280708529445157,26.9645720258842,27.094745254358514,205100,UFPI,"UFP Industries, Inc. - Common Stock"
2019-01-23,26.7600154876709,27.522461770153566,26.443878964669207,27.355095166978867,291100,UFPI,"UFP Industries, Inc. - Common Stock"
2019-01-24,26.787906646728516,26.862291600831572,25.588449040132083,26.760013397363117,165400,UFPI,"UFP Industries, Inc. - Common Stock"
2019-01-25,26.732120513916016,27.708423336337663,26.722822172224326,27.038958695832303,192800,UFPI,"UFP Industries, Inc. - Common Stock"
2019-01-28,26.8158016204834,27.02965814145356,26.527560145546346,26.546155053930175,197800,UFPI,"UFP Industries, Inc. - Common Stock"
2019-01-29,27.094743728637695,27.32719692266781,26.63913568115592,26.92737714517967,206300,UFPI,"UFP Industries, Inc. - Common Stock"
2019-01-30,27.68053436279297,27.69913104905048,26.871596245367495,27.252819446258346,243100,UFPI,"UFP Industries, Inc. - Common Stock"
2019-01-31,28.656829833984375,28.68472485606795,27.661930434873018,27.671228775567542,410100,UFPI,"UFP Industries, Inc. - Common Stock"
2019-02-01,28.824199676513672,29.10314283495996,28.36859157186348,28.768411399519884,358100,UFPI,"UFP Industries, Inc. - Common Stock"
2019-02-04,28.666128158569336,28.99156298878627,28.387185031798907,28.99156298878627,253600,UFPI,"UFP Industries, Inc. - Common Stock"
2019-02-05,28.59174156188965,28.870684672614825,28.23841350340595,28.72191477709779,112600,UFPI,"UFP Industries, Inc. - Common Stock"
2019-02-06,28.619644165039062,28.824202382202788,28.461575887487882,28.591749137185026,108800,UFPI,"UFP Industries, Inc. - Common Stock"
2019-02-07,28.31279945373535,28.731214134639398,28.182624460440596,28.563847552886934,201000,UFPI,"UFP Industries, Inc. - Common Stock"
2019-02-08,27.968767166137695,28.54525184563607,27.84789229019034,28.303500320264305,283100,UFPI,"UFP Industries, Inc. - Common Stock"
2019-02-11,28.424373626708984,28.43367196641875,27.810697393680137,27.978063961502,522800,UFPI,"UFP Industries, Inc. - Common Stock"
2019-02-12,29.28910255432129,29.298400894933568,28.601041310306872,28.64753123989113,191000,UFPI,"UFP Industries, Inc. - Common Stock"
2019-02-13,29.475069046020508,29.66103055819045,29.158932524506547,29.39138574482697,176500,UFPI,"UFP Industries, Inc. - Common Stock"
2019-02-14,29.670326232910156,30.014355974914043,29.233314856440263,29.428574692689416,321700,UFPI,"UFP Industries, Inc. - Common Stock"
2019-02-15,29.96786117553711,30.09803437855395,29.549446548635736,29.828391406713532,224900,UFPI,"UFP Industries, Inc. - Common Stock"
2019-02-19,30.469972610473633,30.79540574355895,30.023662793547285,30.023662793547285,266700,UFPI,"UFP Industries, Inc. - Common Stock"
2019-02-20,30.38628387451172,30.83259361177689,30.32119725951187,30.469967171933593,694700,UFPI,"UFP Industries, Inc. - Common Stock"
2019-02-21,30.22821044921875,31.139430050688496,29.103137891322767,30.079440553521383,448700,UFPI,"UFP Industries, Inc. - Common Stock"
2019-02-22,30.200315475463867,30.507155362957477,30.042249022115445,30.507155362957477,269100,UFPI,"UFP Industries, Inc. - Common Stock"
2019-02-25,30.042259216308594,30.469972343749557,30.014362414463243,30.32120240607639,267000,UFPI,"UFP Industries, Inc. - Common Stock"
2019-02-26,29.335594177246094,30.144530348960146,29.335594177246094,30.051550484424546,343500,UFPI,"UFP Industries, Inc. - Common Stock"
2019-02-27,29.354190826416016,29.409979099769863,28.972967707123125,29.24261427970832,227800,UFPI,"UFP Industries, Inc. - Common Stock"
2019-02-28,28.79630470275879,29.549454424169447,28.768411450950705,29.363491135887898,220400,UFPI,"UFP Industries, Inc. - Common Stock"
2019-03-01,28.91718101501465,29.177527487220324,28.63823608603771,29.038055909470522,266300,UFPI,"UFP Industries, Inc. - Common Stock"
2019-03-04,28.61033821105957,29.205417792480034,28.601039870915244,29.019454536547617,192100,UFPI,"UFP Industries, Inc. - Common Stock"
2019-03-05,28.257009506225586,28.703320983564552,28.257009506225586,28.610339351890723,149100,UFPI,"UFP Industries, Inc. - Common Stock"
2019-03-06,27.912982940673828,28.563850889263236,27.912982940673828,28.29420607764861,204700,UFPI,"UFP Industries, Inc. - Common Stock"
2019-03-07,27.5224609375,27.894385725815418,27.429479297051827,27.88508738442287,229200,UFPI,"UFP Industries, Inc. - Common Stock"
2019-03-08,27.736318588256836,27.792106865385882,27.038958916972994,27.30860550780521,142200,UFPI,"UFP Industries, Inc. - Common Stock"
2019-03-11,28.098947525024414,28.117544210198048,27.624742693961814,27.689831092069532,171700,UFPI,"UFP Industries, Inc. - Common Stock"
2019-03-12,27.885087966918945,28.26631110459034,27.847896374049146,28.136137869330053,190600,UFPI,"UFP Industries, Inc. - Common Stock"
2019-03-13,27.987363815307617,28.182623639345227,27.727015609780416,28.033853742894557,197700,UFPI,"UFP Industries, Inc. - Common Stock"
2019-03-14,27.94087791442871,28.052456246667543,27.89438797719103,27.959474598714753,150400,UFPI,"UFP Industries, Inc. - Common Stock"
2019-03-15,28.51736068725586,28.712620537956973,27.978069295610545,28.01526088806334,968700,UFPI,"UFP Industries, Inc. - Common Stock"
2019-03-18,29.06594467163086,29.0845413509178,28.57314331138865,28.619635009606004,247700,UFPI,"UFP Industries, Inc. - Common Stock"
2019-03-19,28.86139678955078,29.382091580523376,28.796308388886327,29.12174329829829,274400,UFPI,"UFP Industries, Inc. - Common Stock"
2019-03-20,28.470869064331055,29.00086208305284,28.201222497766103,28.870687083497227,331600,UFPI,"UFP Industries, Inc. - Common Stock"
2019-03-21,28.68472671508789,29.261209687692432,28.405781796605496,28.405781796605496,303500,UFPI,"UFP Industries, Inc. - Common Stock"
2019-03-22,27.169132232666016,28.59174660461582,27.15983389087162,28.508063301943636,274900,UFPI,"UFP Industries, Inc. - Common Stock"
2019-03-25,27.23421859741211,27.503863395462794,26.9645720258842,27.15983186859567,207200,UFPI,"UFP Industries, Inc. - Common Stock"
2019-03-26,27.290006637573242,27.59684479741268,27.141236728164863,27.40158318289092,192300,UFPI,"UFP Industries, Inc. - Common Stock"
2019-03-27,27.36439323425293,27.531759835749337,27.048256714421335,27.27141159192411,174300,UFPI,"UFP Industries, Inc. - Common Stock"
2019-03-28,27.82000160217285,27.866491537052024,27.271411857907367,27.429480119364833,126300,UFPI,"UFP Industries, Inc. - Common Stock"
2019-03-29,27.792104721069336,28.229117883048033,27.661931493319365,27.978067995121194,203500,UFPI,"UFP Industries, Inc. - Common Stock"
2019-04-01,27.912982940673828,28.4522743373804,27.792106273743883,28.043156175696247,203900,UFPI,"UFP Industries, Inc. - Common Stock"
2019-04-02,27.68053436279297,27.94088087648763,27.568956018725533,27.922285963707736,116000,UFPI,"UFP Industries, Inc. - Common Stock"
2019-04-03,27.829299926757812,28.033858122968862,27.6619333237318,27.95947316312145,152700,UFPI,"UFP Industries, Inc. - Common Stock"
2019-04-04,28.68472671508789,28.70332339768217,27.829298824000954,27.829298824000954,144600,UFPI,"UFP Industries, Inc. - Common Stock"
2019-04-05,29.40068244934082,29.502960654622072,28.78700435026716,28.78700435026716,185900,UFPI,"UFP Industries, Inc. - Common Stock"
2019-04-08,29.614543914794922,29.670332197298325,29.224022390316048,29.335598955322855,139500,UFPI,"UFP Industries, Inc. - Common Stock"
2019-04-09,29.14033317565918,29.614537914552646,29.0566498821205,29.577344551434493,199100,UFPI,"UFP Industries, Inc. - Common Stock"
2019-04-10,29.4378719329834,29.595940173623255,29.0380521611604,29.30769871368367,237300,UFPI,"UFP Industries, Inc. - Common Stock"
2019-04-11,29.89348602294922,29.98646589376039,29.326299588918825,29.5308577875717,192700,UFPI,"UFP Industries, Inc. - Common Stock"
2019-04-12,30.125932693481445,30.36768243317424,29.84698604781922,30.1073360139737,282400,UFPI,"UFP Industries, Inc. - Common Stock"
2019-04-15,29.372785568237305,30.246808295790178,29.344890546664594,30.246808295790178,191300,UFPI,"UFP Industries, Inc. - Common Stock"
2019-04-16,29.24262046813965,29.409985323619562,29.131042124342095,29.35419703845959,205100,UFPI,"UFP Industries, Inc. - Common Stock"
2019-04-17,29.131038665771484,29.38208857940197,28.824200473604467,29.326300300865437,286800,UFPI,"UFP Industries, Inc. - Common Stock"
2019-04-18,29.233314514160156,29.372786077487564,28.97296629539909,29.06594792877641,169700,UFPI,"UFP Industries, Inc. - Common Stock"
2019-04-22,28.601041793823242,29.233314778330048,28.508060159605684,29.233314778330048,133100,UFPI,"UFP Industries, Inc. - Common Stock"
2019-04-23,28.824199676513672,29.000864622717575,28.33139820488272,28.545256518067383,239100,UFPI,"UFP Industries, Inc. - Common Stock"
2019-04-24,28.972965240478516,29.103138458380805,28.573145472947687,28.879983610486704,205200,UFPI,"UFP Industries, Inc. - Common Stock"
2019-04-25,32.76660919189453,32.906079003128134,29.89348709824238,32.0041593266072,861300,UFPI,"UFP Industries, Inc. - Common Stock"
2019-04-26,34.0776481628418,34.133434673271914,32.487665223435776,32.673628534431494,420600,UFPI,"UFP Industries, Inc. - Common Stock"
2019-04-29,34.468162536621094,34.523952585286885,33.966062739492706,34.30079593757829,213400,UFPI,"UFP Industries, Inc. - Common Stock"
2019-04-30,34.35658645629883,34.81219277896187,34.300796406869736,34.45886644010818,370900,UFPI,"UFP Industries, Inc. - Common Stock"
2019-05-01,34.42167282104492,34.635529355187366,34.142729669857154,34.626232787161435,481000,UFPI,"UFP Industries, Inc. - Common Stock"
2019-05-02,34.49605178833008,34.858681742185965,34.32868520869018,34.458861973818905,231100,UFPI,"UFP Industries, Inc. - Common Stock"
2019-05-03,35.30499267578125,35.35148260576457,34.468159748264206,34.64482290098256,322200,UFPI,"UFP Industries, Inc. - Common Stock"
2019-05-06,35.3793830871582,35.6676263871088,34.39378360098492,34.83079328851353,364900,UFPI,"UFP Industries, Inc. - Common Stock"
2019-05-07,34.142723083496094,35.23060222735557,33.83588319351281,35.00744916823492,221900,UFPI,"UFP Industries, Inc. - Common Stock"
2019-05-08,34.20781707763672,34.635530155808446,33.93817048824184,34.17062371076404,195100,UFPI,"UFP Industries, Inc. - Common Stock"
2019-05-09,34.300804138183594,34.337997512852944,33.52906112204937,33.84519771282802,219000,UFPI,"UFP Industries, Inc. - Common Stock"
2019-05-10,34.69131088256836,34.72850069249131,33.7429015639353,34.133421170279284,190900,UFPI,"UFP Industries, Inc. - Common Stock"
2019-05-13,33.70570373535156,34.16131342926127,33.640617142929216,33.84517703165846,190300,UFPI,"UFP Industries, Inc. - Common Stock"
2019-05-14,33.72430419921875,33.84518083313131,33.1478213671763,33.69641095560572,182800,UFPI,"UFP Industries, Inc. - Common Stock"
2019-05-15,33.789390563964844,33.86377372873351,33.166414267628255,33.37097417791096,195900,UFPI,"UFP Industries, Inc. - Common Stock"
2019-05-16,33.529052734375,33.91027586198,33.32449277182199,33.873082496614984,205400,UFPI,"UFP Industries, Inc. - Common Stock"
2019-05-17,32.67361068725586,33.52904003179636,32.617824207297765,33.20360352857695,224900,UFPI,"UFP Industries, Inc. - Common Stock"
2019-05-20,32.19942092895508,32.45047083142094,31.994860960955936,32.40397734999958,244900,UFPI,"UFP Industries, Inc. - Common Stock"
2019-05-21,32.96186447143555,32.97116103877621,32.227311508120934,32.357484732616314,218100,UFPI,"UFP Industries, Inc. - Common Stock"
2019-05-22,32.27379608154297,32.673615802957265,32.08783284300896,32.65501912440849,132400,UFPI,"UFP Industries, Inc. - Common Stock"
2019-05-23,31.446271896362305,32.02275489942059,31.213818672085853,31.90188177660423,173300,UFPI,"UFP Industries, Inc. - Common Stock"
2019-05-24,31.76240348815918,31.83679021090804,31.334690473215733,31.613633589615624,94800,UFPI,"UFP Industries, Inc. - Common Stock"
2019-05-28,31.10223960876465,31.734512611551622,31.06504624461143,31.734512611551622,259800,UFPI,"UFP Industries, Inc. - Common Stock"
2019-05-29,30.953472137451172,31.027855324662674,30.590845675777654,30.93487545390962,159600,UFPI,"UFP Industries, Inc. - Common Stock"
2019-05-30,30.8973445892334,31.393126405310507,30.626071786164395,31.04701369617915,120300,UFPI,"UFP Industries, Inc. - Common Stock"
2019-05-31,30.167699813842773,30.476394268952117,29.887070761811007,30.476394268952117,267100,UFPI,"UFP Industries, Inc. - Common Stock"
2019-06-03,31.21539878845215,31.271526054112446,29.821603806765314,30.19577665684955,341100,UFPI,"UFP Industries, Inc. - Common Stock"
2019-06-04,32.69337463378906,32.740145556619986,31.46795647261992,31.542792803863538,469000,UFPI,"UFP Industries, Inc. - Common Stock"
2019-06-05,32.843040466308594,32.98335322086719,32.394033228614916,32.8523932225889,319500,UFPI,"UFP Industries, Inc. - Common Stock"
2019-06-06,33.32011413574219,33.32011413574219,32.4501613776304,32.88981591966768,419000,UFPI,"UFP Industries, Inc. - Common Stock"
2019-06-07,33.39495086669922,33.97491818953445,33.282699932561755,33.53526364227283,241600,UFPI,"UFP Industries, Inc. - Common Stock"
2019-06-10,33.46043014526367,33.94685560709869,33.31076104688311,33.42301197857034,193600,UFPI,"UFP Industries, Inc. - Common Stock"
2019-06-11,33.76912307739258,33.95621035342436,33.41366117816448,33.75977031936784,224800,UFPI,"UFP Industries, Inc. - Common Stock"
2019-06-12,34.068458557128906,34.339734907180926,33.76912036686209,33.881374864506675,152900,UFPI,"UFP Industries, Inc. - Common Stock"
2019-06-13,34.564247131347656,34.73262534253443,34.152654362494026,34.30232348706078,133500,UFPI,"UFP Industries, Inc. - Common Stock"
2019-06-14,34.66713333129883,34.985180557031555,34.27424978497385,34.67648608717678,201400,UFPI,"UFP Industries, Inc. - Common Stock"
2019-06-17,34.49876403808594,35.162920496141346,33.853313096590234,34.77939317559172,264500,UFPI,"UFP Industries, Inc. - Common Stock"
2019-06-18,34.423927307128906,35.275171036646846,34.22748726994624,34.71391276801264,196000,UFPI,"UFP Industries, Inc. - Common Stock"
2019-06-19,34.115234375,34.470696259515954,33.591390737470874,34.386507167205785,220700,UFPI,"UFP Industries, Inc. - Common Stock"
2019-06-20,34.95711898803711,35.01324623463947,34.152646295366154,34.50811172039595,269500,UFPI,"UFP Industries, Inc. - Common Stock"
2019-06-21,33.937496185302734,34.844867018681505,33.88137250877536,34.78873977376167,333400,UFPI,"UFP Industries, Inc. - Common Stock"
2019-06-24,33.57267379760742,34.07780823326411,33.53525563902722,33.93749192278436,398900,UFPI,"UFP Industries, Inc. - Common Stock"
2019-06-25,33.956214904785156,34.34909859395182,33.516563850833265,33.7971930182989,314500,UFPI,"UFP Industries, Inc. - Common Stock"
2019-06-26,34.09652328491211,34.321025138933116,33.5913887607759,34.06845787686501,171900,UFPI,"UFP Industries, Inc. - Common Stock"
2019-06-27,35.144203186035156,35.1816213471834,34.246188728830816,34.25554148492175,213200,UFPI,"UFP Industries, Inc. - Common Stock"
2019-06-28,35.60257339477539,35.939326202886434,35.26581701827143,35.26581701827143,595600,UFPI,"UFP Industries, Inc. - Common Stock"
2019-07-01,35.2751579284668,36.0422122758144,35.1348451976447,35.96737953305429,301300,UFPI,"UFP Industries, Inc. - Common Stock"
2019-07-02,34.93841552734375,35.321942853187075,34.64843362755559,35.27517192435606,169400,UFPI,"UFP Industries, Inc. - Common Stock"
2019-07-03,35.153568267822266,35.26581921083822,34.76068461467675,35.08808468530373,76500,UFPI,"UFP Industries, Inc. - Common Stock"
2019-07-05,35.18162536621094,35.20968720608168,34.5735926674653,34.92905810219626,175600,UFPI,"UFP Industries, Inc. - Common Stock"
2019-07-08,34.94777297973633,35.14421302818936,34.71391475965607,35.06002392622474,231000,UFPI,"UFP Industries, Inc. - Common Stock"
2019-07-09,34.395870208740234,34.86358668658268,33.96557190553964,34.75133573105068,254100,UFPI,"UFP Industries, Inc. - Common Stock"
2019-07-10,34.648433685302734,34.68585185578716,34.218135429911236,34.648433685302734,143200,UFPI,"UFP Industries, Inc. - Common Stock"
2019-07-11,34.115234375,34.72326353644645,33.90943802304341,34.72326353644645,198500,UFPI,"UFP Industries, Inc. - Common Stock"
2019-07-12,34.61101531982422,34.90100078685508,34.24619708063924,34.24619708063924,218500,UFPI,"UFP Industries, Inc. - Common Stock"
2019-07-15,34.35844421386719,34.676491489145924,34.06845877898599,34.639073323020725,196400,UFPI,"UFP Industries, Inc. - Common Stock"
2019-07-16,34.76068115234375,34.89164116755029,34.246193849006865,34.47069571267728,153400,UFPI,"UFP Industries, Inc. - Common Stock"
2019-07-17,34.25553512573242,34.882276719244466,34.21812053992207,34.76066950228393,134200,UFPI,"UFP Industries, Inc. - Common Stock"
2019-07-18,34.115234375,34.349092568262364,33.8626670980695,34.29296531725797,217400,UFPI,"UFP Industries, Inc. - Common Stock"
2019-07-19,33.60075378417969,34.321037668197,33.57269193428094,34.05911755342486,231100,UFPI,"UFP Industries, Inc. - Common Stock"
2019-07-22,32.86174774169922,33.71299125212949,32.758849586307846,33.59138401681313,197100,UFPI,"UFP Industries, Inc. - Common Stock"
2019-07-23,32.81498718261719,33.23592912440785,32.62789989271398,32.91788180209036,329300,UFPI,"UFP Industries, Inc. - Common Stock"
2019-07-24,33.62880325317383,33.70363600687717,32.712079717856405,32.712079717856405,412100,UFPI,"UFP Industries, Inc. - Common Stock"
2019-07-25,36.921539306640625,37.697946791758724,33.77848405534358,35.639993608800566,783700,UFPI,"UFP Industries, Inc. - Common Stock"
2019-07-26,39.01690673828125,39.11980493174678,36.67832440822277,36.715742581918136,637800,UFPI,"UFP Industries, Inc. - Common Stock"
2019-07-29,38.268558502197266,39.28818047145406,37.88503116890213,38.93271498232414,499300,UFPI,"UFP Industries, Inc. - Common Stock"
2019-07-30,38.63337326049805,38.7082095960369,37.585689541704284,38.02534409201284,352900,UFPI,"UFP Industries, Inc. - Common Stock"
2019-07-31,37.819541931152344,38.8952908948074,37.651163770434295,38.74561824670928,467400,UFPI,"UFP Industries, Inc. - Common Stock"
2019-08-01,36.856056213378906,38.12824190905019,36.50059072644485,37.61375454830467,442300,UFPI,"UFP Industries, Inc. - Common Stock"
2019-08-02,37.2021598815918,37.239578046986054,36.481876255519296,36.893465369678154,360000,UFPI,"UFP Industries, Inc. - Common Stock"
2019-08-05,36.44445037841797,36.725079422708006,35.873835966272814,36.20123949160444,328100,UFPI,"UFP Industries, Inc. - Common Stock"
2019-08-06,36.9495964050293,36.98701457425884,36.21060362051439,36.73444728454895,228500,UFPI,"UFP Industries, Inc. - Common Stock"
2019-08-07,36.94024658203125,37.04314120299853,36.08900279058456,36.528653824588915,325600,UFPI,"UFP Industries, Inc. - Common Stock"
2019-08-08,37.96921157836914,38.09081882257031,37.08054984316192,37.267637087688556,241000,UFPI,"UFP Industries, Inc. - Common Stock"
2019-08-09,37.42666244506836,37.80083696930284,37.19280425951999,37.80083696930284,353900,UFPI,"UFP Industries, Inc. - Common Stock"
2019-08-12,37.19280242919922,37.604395099280524,37.080551504810025,37.267638757720384,254100,UFPI,"UFP Industries, Inc. - Common Stock"
2019-08-13,37.48279571533203,38.22178855678847,37.20216656127321,37.20216656127321,168500,UFPI,"UFP Industries, Inc. - Common Stock"
2019-08-14,36.93088912963867,37.95986742350211,36.631550897923944,37.06184915996472,262400,UFPI,"UFP Industries, Inc. - Common Stock"
2019-08-15,36.4163932800293,37.06184052266838,36.34155695534469,36.912171441691534,238000,UFPI,"UFP Industries, Inc. - Common Stock"
2019-08-16,37.68857955932617,37.716641394881435,36.70637606257874,36.70637606257874,259700,UFPI,"UFP Industries, Inc. - Common Stock"
2019-08-19,37.230228424072266,38.52112681543586,37.18345749310551,38.24985042007806,244300,UFPI,"UFP Industries, Inc. - Common Stock"
2019-08-20,36.68767547607422,37.305060979961766,36.59413005524705,37.305060979961766,259400,UFPI,"UFP Industries, Inc. - Common Stock"
2019-08-21,37.623111724853516,37.81019544688166,36.83734795979822,37.2489371440107,281400,UFPI,"UFP Industries, Inc. - Common Stock"
2019-08-22,37.127315521240234,37.885017148838074,37.108606442589334,37.791475323975476,173800,UFPI,"UFP Industries, Inc. - Common Stock"
2019-08-23,35.565147399902344,37.16473626788589,35.45289648856809,37.06183811233277,241600,UFPI,"UFP Industries, Inc. - Common Stock"
2019-08-26,36.23866271972656,36.369622720826854,35.76159006612704,35.93932098642138,239400,UFPI,"UFP Industries, Inc. - Common Stock"
2019-08-27,35.78964614868164,36.743787734054095,35.50901711025253,36.52863868564538,231200,UFPI,"UFP Industries, Inc. - Common Stock"
2019-08-28,36.22932052612305,36.60349516240729,35.31259659245982,35.705476749003864,251300,UFPI,"UFP Industries, Inc. - Common Stock"
2019-08-29,36.64090347290039,37.31441627508044,36.29479431328817,36.60348887041842,307300,UFPI,"UFP Industries, Inc. - Common Stock"
2019-08-30,36.57542037963867,37.23022404126858,36.23866757528515,36.97765676170878,470100,UFPI,"UFP Industries, Inc. - Common Stock"
2019-09-03,35.51837921142578,36.31349554438246,35.25645564034504,36.12640829886548,302100,UFPI,"UFP Industries, Inc. - Common Stock"
2019-09-04,35.52772903442383,35.929965330135616,35.41547812373908,35.90190349456246,271900,UFPI,"UFP Industries, Inc. - Common Stock"
2019-09-05,35.60257339477539,36.61283895589437,35.48096613250609,35.96739161319038,209100,UFPI,"UFP Industries, Inc. - Common Stock"
2019-09-06,35.34065246582031,35.78030705385812,35.23775427982056,35.78030705385812,331900,UFPI,"UFP Industries, Inc. - Common Stock"
2019-09-09,36.117069244384766,36.37898934643981,35.34065812987338,35.43420357231715,329600,UFPI,"UFP Industries, Inc. - Common Stock"
2019-09-10,36.86539840698242,37.02442380361339,35.85513306047338,36.163823961098416,309100,UFPI,"UFP Industries, Inc. - Common Stock"
2019-09-11,38.268558502197266,38.37145668866066,36.75315825459128,37.061849245588235,412200,UFPI,"UFP Industries, Inc. - Common Stock"
2019-09-12,39.08237838745117,39.278821973081136,37.96921472138056,38.52112017580389,376900,UFPI,"UFP Industries, Inc. - Common Stock"
2019-09-13,38.45564270019531,40.03652283611477,38.39951544798069,39.28817731521777,385500,UFPI,"UFP Industries, Inc. - Common Stock"
2019-09-16,37.92243957519531,38.29661048515926,37.744705092199574,38.231130486705766,236600,UFPI,"UFP Industries, Inc. - Common Stock"
2019-09-17,37.548274993896484,37.96922050090292,37.22087491533215,37.85696955516561,222500,UFPI,"UFP Industries, Inc. - Common Stock"
2019-09-18,37.95051193237305,38.06276287964002,37.202166336604435,37.566984591517055,221500,UFPI,"UFP Industries, Inc. - Common Stock"
2019-09-19,37.38924789428711,38.20307338186692,37.323767887722795,37.950506112950556,237900,UFPI,"UFP Industries, Inc. - Common Stock"
2019-09-20,37.033775329589844,37.53890977026514,36.818626268204156,37.370531623373374,629800,UFPI,"UFP Industries, Inc. - Common Stock"
2019-09-23,36.91218185424805,37.295709205464966,36.538010830452215,36.87476368135045,260600,UFPI,"UFP Industries, Inc. - Common Stock"
2019-09-24,37.37989044189453,37.56697769860764,36.912174084308084,37.19280318518143,400700,UFPI,"UFP Industries, Inc. - Common Stock"
2019-09-25,37.72599411010742,37.86630684285347,36.97764526189479,37.492135987138916,298600,UFPI,"UFP Industries, Inc. - Common Stock"
2019-09-26,37.66987609863281,37.81018886573142,37.174097898444316,37.81018886573142,239900,UFPI,"UFP Industries, Inc. - Common Stock"
2019-09-27,37.47343063354492,38.24983782340305,37.39859431392903,37.950499681723755,245200,UFPI,"UFP Industries, Inc. - Common Stock"
2019-09-30,37.3050537109375,37.613744618535264,36.949588317843855,37.51084645987193,323300,UFPI,"UFP Industries, Inc. - Common Stock"
2019-10-01,36.63154602050781,37.96921512654711,36.57541877138708,37.56697876216367,198500,UFPI,"UFP Industries, Inc. - Common Stock"
2019-10-02,36.27608108520508,36.332208335108206,35.23775015655025,36.332208335108206,283400,UFPI,"UFP Industries, Inc. - Common Stock"
2019-10-03,36.43510055541992,36.56606054873503,35.86448609735362,36.304140562104806,217300,UFPI,"UFP Industries, Inc. - Common Stock"
2019-10-04,36.9495964050293,36.977658247754945,36.145123608559196,36.36027272903954,224600,UFPI,"UFP Industries, Inc. - Common Stock"
2019-10-07,37.2021598815918,37.45472714541405,36.49122901267153,36.70638167949218,268000,UFPI,"UFP Industries, Inc. - Common Stock"
2019-10-08,36.90281677246094,37.36117674802198,36.49122414481506,37.04312952138297,253900,UFPI,"UFP Industries, Inc. - Common Stock"
2019-10-09,36.650245666503906,37.38923819854366,36.62218383336552,37.220860062929745,208600,UFPI,"UFP Industries, Inc. - Common Stock"
2019-10-10,36.809288024902344,37.389259068361916,36.65026612383342,36.809288024902344,290400,UFPI,"UFP Industries, Inc. - Common Stock"
2019-10-11,37.538917541503906,38.24049210932761,37.23957934470388,37.23957934470388,265900,UFPI,"UFP Industries, Inc. - Common Stock"
2019-10-14,37.50149917602539,37.697939197560515,37.052491883205356,37.3237682377402,139600,UFPI,"UFP Industries, Inc. - Common Stock"
2019-10-15,38.062747955322266,38.18435518207564,37.370529888800924,37.52019894926975,240600,UFPI,"UFP Industries, Inc. - Common Stock"
2019-10-16,37.79146957397461,38.165640384886515,37.46406609998643,37.819531403485385,224700,UFPI,"UFP Industries, Inc. - Common Stock"
2019-10-17,39.007545471191406,39.06366915109997,38.05340366042642,38.109530908727656,338000,UFPI,"UFP Industries, Inc. - Common Stock"
2019-10-18,38.68014144897461,39.185275972939486,38.30597050293564,38.85787594910631,413400,UFPI,"UFP Industries, Inc. - Common Stock"
2019-10-21,38.93271255493164,39.484618055594034,38.680145268012275,39.082381661803154,423500,UFPI,"UFP Industries, Inc. - Common Stock"
2019-10-22,39.81201934814453,40.00845937033318,38.726917494787976,38.89529567620475,351400,UFPI,"UFP Industries, Inc. - Common Stock"
2019-10-23,39.447200775146484,39.91491719070227,39.35365891939255,39.66235346648804,411500,UFPI,"UFP Industries, Inc. - Common Stock"
2019-10-24,47.17387008666992,47.4264373371321,39.75588868829937,40.22360502580878,1119500,UFPI,"UFP Industries, Inc. - Common Stock"
2019-10-25,47.01485061645508,47.70707245352062,46.827766912528155,47.25806514098875,715100,UFPI,"UFP Industries, Inc. - Common Stock"
2019-10-28,47.613529205322266,48.55831472866252,47.239354671655,48.12801651282014,737500,UFPI,"UFP Industries, Inc. - Common Stock"
2019-10-29,48.43669891357422,49.4189059988448,47.50126631304391,47.74448078748141,740100,UFPI,"UFP Industries, Inc. - Common Stock"
2019-10-30,46.949371337890625,48.45541872936039,46.088774867561035,48.26833145412566,713100,UFPI,"UFP Industries, Inc. - Common Stock"
2019-10-31,47.10837936401367,47.15515027344205,46.39744869449246,46.95871031280789,464200,UFPI,"UFP Industries, Inc. - Common Stock"
2019-11-01,48.24962615966797,48.32445892906963,47.01485156480714,47.30483702117193,405300,UFPI,"UFP Industries, Inc. - Common Stock"
2019-11-04,48.099945068359375,49.344072203571606,47.884795987432405,48.810875879449895,365900,UFPI,"UFP Industries, Inc. - Common Stock"
2019-11-05,48.88571548461914,49.33472635894688,48.37122816959332,48.37122816959332,359500,UFPI,"UFP Industries, Inc. - Common Stock"
2019-11-06,48.062538146972656,48.89507276601737,48.05318182069522,48.829592755647084,386000,UFPI,"UFP Industries, Inc. - Common Stock"
2019-11-07,47.03355026245117,48.577015488876384,46.790339355114796,48.48347365568367,497600,UFPI,"UFP Industries, Inc. - Common Stock"
2019-11-08,46.81840515136719,47.295477818821304,46.61261238725851,47.03355424062183,396900,UFPI,"UFP Industries, Inc. - Common Stock"
2019-11-11,46.771636962890625,47.0803314796742,46.500360612091605,46.76228420559084,618700,UFPI,"UFP Industries, Inc. - Common Stock"
2019-11-12,47.061622619628906,47.21129171588348,46.56584083896654,46.89324444029342,369200,UFPI,"UFP Industries, Inc. - Common Stock"
2019-11-13,47.07097625732422,47.33289628857014,46.11683441270907,46.837118067028136,320200,UFPI,"UFP Industries, Inc. - Common Stock"
2019-11-14,46.52842330932617,47.323539664002716,46.28520881299258,46.97743056979684,451700,UFPI,"UFP Industries, Inc. - Common Stock"
2019-11-15,46.425537109375,47.18323549554643,46.2478025696906,46.91196265902724,388500,UFPI,"UFP Industries, Inc. - Common Stock"
2019-11-18,46.65939712524414,46.95873538749419,46.23845157883203,46.39747346948018,340800,UFPI,"UFP Industries, Inc. - Common Stock"
2019-11-19,46.93065643310547,47.31418726238663,46.350689163360045,46.99614000445026,381300,UFPI,"UFP Industries, Inc. - Common Stock"
2019-11-20,46.7529296875,47.44515151140685,46.472300568551276,46.65003151126047,434300,UFPI,"UFP Industries, Inc. - Common Stock"
2019-11-21,45.490089416503906,46.89323834979675,45.24687493643348,46.89323834979675,277600,UFPI,"UFP Industries, Inc. - Common Stock"
2019-11-22,45.84556198120117,45.88298015126685,45.340430958886955,45.74266736611022,180400,UFPI,"UFP Industries, Inc. - Common Stock"
2019-11-25,46.80906295776367,47.16452488889045,45.84556464867449,46.05136102761664,333500,UFPI,"UFP Industries, Inc. - Common Stock"
2019-11-26,46.612613677978516,47.548046388497276,46.537777348308566,46.82776277319072,268400,UFPI,"UFP Industries, Inc. - Common Stock"
2019-11-27,47.007076263427734,47.37336460171645,46.697141355172896,46.78166970883741,207000,UFPI,"UFP Industries, Inc. - Common Stock"
2019-11-29,46.58443832397461,47.298234165314994,46.52808847208181,46.65957623686218,219000,UFPI,"UFP Industries, Inc. - Common Stock"
2019-12-02,45.42922592163086,47.34519996583815,45.28834769009329,46.856814214406484,370700,UFPI,"UFP Industries, Inc. - Common Stock"
2019-12-03,45.43861770629883,45.50436159431977,44.621508956141646,44.95023197901955,394200,UFPI,"UFP Industries, Inc. - Common Stock"
2019-12-04,45.72037124633789,46.21814735146627,45.44800170162615,45.58888348896606,409300,UFPI,"UFP Industries, Inc. - Common Stock"
2019-12-05,45.85185241699219,46.42476634847425,45.69218975819734,45.804893022215595,394400,UFPI,"UFP Industries, Inc. - Common Stock"
2019-12-06,46.18058395385742,46.734713557152425,45.99274632516605,46.359034716996575,348400,UFPI,"UFP Industries, Inc. - Common Stock"
2019-12-09,46.04907989501953,46.452937102870074,45.767319968856135,45.99273005944996,321200,UFPI,"UFP Industries, Inc. - Common Stock"
2019-12-10,46.14301681518555,46.518695640991005,45.588887233057505,45.95517561089633,284700,UFPI,"UFP Industries, Inc. - Common Stock"
2019-12-11,46.65958023071289,46.725324118730455,45.532536520339626,46.14301957510066,260200,UFPI,"UFP Industries, Inc. - Common Stock"
2019-12-12,47.07282257080078,47.24187928685827,45.96456346898955,46.5844369002761,358400,UFPI,"UFP Industries, Inc. - Common Stock"
2019-12-13,46.124229431152344,47.07282225804098,45.823684956329835,46.98829390057386,242300,UFPI,"UFP Industries, Inc. - Common Stock"
2019-12-16,45.260162353515625,46.44355938353671,45.21320295008336,46.208758783602526,352900,UFPI,"UFP Industries, Inc. - Common Stock"
2019-12-17,45.41981887817383,45.69218837551699,45.01596164632626,45.42920932373612,400000,UFPI,"UFP Industries, Inc. - Common Stock"
2019-12-18,44.99718475341797,45.926996662707104,44.82812804263813,45.59827368829178,512600,UFPI,"UFP Industries, Inc. - Common Stock"
2019-12-19,45.62644577026367,45.66401113632392,44.60271520259953,44.84690620446588,427200,UFPI,"UFP Industries, Inc. - Common Stock"
2019-12-20,45.58888626098633,46.01152806593202,45.06293161674582,45.8988211960979,2327600,UFPI,"UFP Industries, Inc. - Common Stock"
2019-12-23,45.814292907714844,46.049093512748684,45.2507728887428,45.720374098810474,454200,UFPI,"UFP Industries, Inc. - Common Stock"
2019-12-24,45.67341232299805,46.09605410667,45.448002177448764,46.02091619722933,86800,UFPI,"UFP Industries, Inc. - Common Stock"
2019-12-26,45.889427185058594,46.171187172219675,45.46678541293066,45.60766719789751,250200,UFPI,"UFP Industries, Inc. - Common Stock"
2019-12-27,45.7579345703125,46.10543839814644,45.51373998000695,45.88002828269303,206700,UFPI,"UFP Industries, Inc. - Common Stock"
2019-12-30,45.40105056762695,46.08666798646847,45.20381889565336,45.59828223960054,299800,UFPI,"UFP Industries, Inc. - Common Stock"
2019-12-31,44.799957275390625,45.64523732495015,44.752997869766155,45.26955849718136,316300,UFPI,"UFP Industries, Inc. - Common Stock"
2020-01-02,44.555755615234375,45.14745406466214,43.926491796888165,45.08171019058933,319900,UFPI,"UFP Industries, Inc. - Common Stock"
2020-01-03,44.555755615234375,44.640283965152626,44.02980462265186,44.31156459478856,363900,UFPI,"UFP Industries, Inc. - Common Stock"
2020-01-06,44.41487503051758,44.499403375887226,43.98284285763815,44.189464915274435,233300,UFPI,"UFP Industries, Inc. - Common Stock"
2020-01-07,44.11433410644531,44.443053485258496,43.77622069808174,44.08615560056666,258500,UFPI,"UFP Industries, Inc. - Common Stock"
2020-01-08,44.565162658691406,44.99719498098347,44.06738286035418,44.13313033639934,221200,UFPI,"UFP Industries, Inc. - Common Stock"
2020-01-09,45.147457122802734,45.36347323549884,44.677855943174855,44.81873773017229,386300,UFPI,"UFP Industries, Inc. - Common Stock"
2020-01-10,44.37730407714844,45.13805915112607,44.29277573559536,45.0629212551802,241800,UFPI,"UFP Industries, Inc. - Common Stock"
2020-01-13,46.32145690917969,46.33085093848354,44.48062127059067,44.583934096298535,571300,UFPI,"UFP Industries, Inc. - Common Stock"
2020-01-14,44.90326690673828,46.42477375337248,44.69664123743723,46.19936360661017,313500,UFPI,"UFP Industries, Inc. - Common Stock"
2020-01-15,45.56070327758789,45.56070327758789,44.95961436193096,44.95961436193096,189400,UFPI,"UFP Industries, Inc. - Common Stock"
2020-01-16,45.692195892333984,46.34963467301119,45.513745152345045,45.757939770401705,186300,UFPI,"UFP Industries, Inc. - Common Stock"
2020-01-17,45.37287139892578,46.3026798129421,45.09110779926217,45.89882247504879,209700,UFPI,"UFP Industries, Inc. - Common Stock"
2020-01-21,45.10050582885742,45.38226587073002,44.82813623584547,45.35409094137476,309200,UFPI,"UFP Industries, Inc. - Common Stock"
2020-01-22,45.504356384277344,45.90821369746513,45.13806802644954,45.457396981463766,320600,UFPI,"UFP Industries, Inc. - Common Stock"
2020-01-23,46.2369270324707,46.42476820184825,45.081708677541386,45.49495638395415,446500,UFPI,"UFP Industries, Inc. - Common Stock"
2020-01-24,46.03030776977539,46.40599016061718,45.52314119974361,46.27450239865439,343900,UFPI,"UFP Industries, Inc. - Common Stock"
2020-01-27,46.13362503051758,46.40599461085893,44.89387803773234,45.26956046460133,334900,UFPI,"UFP Industries, Inc. - Common Stock"
2020-01-28,46.59382629394531,46.86619581857593,46.011521875899355,46.171184545858566,312500,UFPI,"UFP Industries, Inc. - Common Stock"
2020-01-29,45.83306884765625,47.1573438700326,45.75793453108435,46.85679943820053,244400,UFPI,"UFP Industries, Inc. - Common Stock"
2020-01-30,45.62644577026367,45.945771087022685,45.04413781167779,45.6546206905019,142000,UFPI,"UFP Industries, Inc. - Common Stock"
2020-01-31,44.987796783447266,45.64523560293329,44.245826021144055,45.513747839036085,306000,UFPI,"UFP Industries, Inc. - Common Stock"
2020-02-03,45.63584518432617,45.823686382630136,45.100500097962225,45.25077234005083,295600,UFPI,"UFP Industries, Inc. - Common Stock"
2020-02-04,46.18058395385742,46.481132041864456,45.917608407471015,46.06788066008798,321400,UFPI,"UFP Industries, Inc. - Common Stock"
2020-02-05,47.27944564819336,47.27944564819336,46.330852867046126,46.791060004463695,273100,UFPI,"UFP Industries, Inc. - Common Stock"
2020-02-06,47.04465103149414,47.476683300168524,46.847419376156665,47.392154936056315,185500,UFPI,"UFP Industries, Inc. - Common Stock"
2020-02-07,46.2369270324707,47.29822659409741,45.992736020220505,46.90375978012732,265100,UFPI,"UFP Industries, Inc. - Common Stock"
2020-02-10,46.39659881591797,46.51869254522373,45.93638807517456,46.274501503839474,257900,UFPI,"UFP Industries, Inc. - Common Stock"
2020-02-11,46.60321807861328,47.26066041865131,46.38720197511568,46.65957150756712,271500,UFPI,"UFP Industries, Inc. - Common Stock"
2020-02-12,46.978904724121094,47.223095772980706,46.22754351673822,46.903766811996384,254100,UFPI,"UFP Industries, Inc. - Common Stock"
2020-02-13,48.265602111816406,48.92304439053356,46.55625433681512,46.66895760143823,352700,UFPI,"UFP Industries, Inc. - Common Stock"
2020-02-14,46.744102478027344,48.47223498558366,46.52808636242939,47.730264251938934,279500,UFPI,"UFP Industries, Inc. - Common Stock"
2020-02-18,46.302677154541016,46.884981633719185,45.95517327308646,46.56565626027696,453100,UFPI,"UFP Industries, Inc. - Common Stock"
2020-02-19,47.06342697143555,47.55181258849775,46.34024078363801,46.481122559188165,371400,UFPI,"UFP Industries, Inc. - Common Stock"
2020-02-20,53.525146484375,54.10745097063416,44.61211410998176,46.772278918752626,1179700,UFPI,"UFP Industries, Inc. - Common Stock"
2020-02-21,53.243377685546875,54.56765279986936,52.49201655379874,53.534531691562236,558100,UFPI,"UFP Industries, Inc. - Common Stock"
2020-02-24,51.656124114990234,52.839517381932026,50.867194076104944,51.797005886594576,416200,UFPI,"UFP Industries, Inc. - Common Stock"
2020-02-25,49.28933334350586,51.778220723634796,49.27054886869002,51.75004222002492,516600,UFPI,"UFP Industries, Inc. - Common Stock"
2020-02-26,47.02585983276367,49.39265010693148,46.94133148073009,49.28933727858237,311700,UFPI,"UFP Industries, Inc. - Common Stock"
2020-02-27,44.81792068481445,47.002323324406035,44.80850673532242,45.957202527289226,462100,UFPI,"UFP Industries, Inc. - Common Stock"
2020-02-28,44.12116622924805,44.39421741221772,42.473448775225485,43.17961339837802,655800,UFPI,"UFP Industries, Inc. - Common Stock"
2020-03-02,45.76888656616211,46.21141757390166,44.140000497165325,44.629608431065854,369700,UFPI,"UFP Industries, Inc. - Common Stock"
2020-03-03,45.11920928955078,47.89679081946112,44.61077349783382,45.71238857024935,341100,UFPI,"UFP Industries, Inc. - Common Stock"
2020-03-04,47.1435546875,47.313034501411366,45.22278585766406,46.03252194818741,274400,UFPI,"UFP Industries, Inc. - Common Stock"
2020-03-05,46.070186614990234,48.2075122649601,45.70298153530959,46.24908038434402,464400,UFPI,"UFP Industries, Inc. - Common Stock"
2020-03-06,44.47896957397461,45.533508029609216,43.06663993827576,44.49779747505273,306500,UFPI,"UFP Industries, Inc. - Common Stock"
2020-03-09,41.82378005981445,42.63351616655288,40.47736265392873,41.68254927321973,501700,UFPI,"UFP Industries, Inc. - Common Stock"
2020-03-10,42.67116928100586,43.21727158645346,40.48676724269269,43.104282673212744,477800,UFPI,"UFP Industries, Inc. - Common Stock"
2020-03-11,40.34554672241211,42.285147296833145,39.84652475568188,42.049759034527966,300300,UFPI,"UFP Industries, Inc. - Common Stock"
2020-03-12,33.76409149169922,38.44361109776517,33.73584605077397,37.68095186712631,631200,UFPI,"UFP Industries, Inc. - Common Stock"
2020-03-13,37.454978942871094,37.454978942871094,33.12383637694641,35.863755591456375,695200,UFPI,"UFP Industries, Inc. - Common Stock"
2020-03-16,31.899808883666992,37.83159062196844,30.581633567716104,37.45496807691424,715500,UFPI,"UFP Industries, Inc. - Common Stock"
2020-03-17,33.49104309082031,34.02772806425004,29.781323417047602,32.36117866559035,908400,UFPI,"UFP Industries, Inc. - Common Stock"
2020-03-18,31.37253761291504,33.3968774795489,30.101441030291493,31.061827070442593,711900,UFPI,"UFP Industries, Inc. - Common Stock"
2020-03-19,31.871566772460938,33.1426654439703,29.291713631897437,30.873522917504943,656900,UFPI,"UFP Industries, Inc. - Common Stock"
2020-03-20,29.03748893737793,32.94493455351222,28.59495976115933,31.880978867640795,1538400,UFPI,"UFP Industries, Inc. - Common Stock"
2020-03-23,30.619295120239258,30.90176022005787,27.465093124874667,29.216381772184118,402800,UFPI,"UFP Industries, Inc. - Common Stock"
2020-03-24,33.34980392456055,34.43259125893801,31.052416008592605,32.285851672021415,608900,UFPI,"UFP Industries, Inc. - Common Stock"
2020-03-25,33.519287109375,35.03518809301894,31.071250618548902,33.29331638897804,515100,UFPI,"UFP Industries, Inc. - Common Stock"
2020-03-26,36.68290328979492,36.99361749766201,33.85824434586686,33.85824434586686,387500,UFPI,"UFP Industries, Inc. - Common Stock"
2020-03-27,33.50986862182617,35.8355054874246,33.07675513992813,35.279989120037335,372500,UFPI,"UFP Industries, Inc. - Common Stock"
2020-03-30,35.590702056884766,35.84492179343089,33.51928477489896,33.82999898347965,595900,UFPI,"UFP Industries, Inc. - Common Stock"
2020-03-31,35.0163459777832,35.976730227458845,34.3572619167949,35.57186225185817,445200,UFPI,"UFP Industries, Inc. - Common Stock"
2020-04-01,32.00337600708008,33.651093137022755,31.796233275673885,33.09557693240112,417700,UFPI,"UFP Industries, Inc. - Common Stock"
2020-04-02,32.84137725830078,33.38747625718162,31.50436982067855,31.67384968730307,390900,UFPI,"UFP Industries, Inc. - Common Stock"
2020-04-03,31.18423080444336,33.30272481328374,30.63813199431336,32.53065172851216,328500,UFPI,"UFP Industries, Inc. - Common Stock"
2020-04-06,34.30077362060547,34.86570394344745,32.6530559886204,32.6530559886204,439800,UFPI,"UFP Industries, Inc. - Common Stock"
2020-04-07,34.69622802734375,36.24979197735488,34.31019142528047,35.788429408186666,363500,UFPI,"UFP Industries, Inc. - Common Stock"
2020-04-08,35.8637580871582,36.2780401623422,34.27253462501278,35.37415003917344,309700,UFPI,"UFP Industries, Inc. - Common Stock"
2020-04-09,38.68840789794922,38.91438216901846,36.89004204476617,36.89004204476617,342200,UFPI,"UFP Industries, Inc. - Common Stock"
2020-04-13,37.144256591796875,38.41535136369852,36.65464873229156,38.35886049758474,211200,UFPI,"UFP Industries, Inc. - Common Stock"
2020-04-14,36.73939514160156,38.78256324129776,36.17446123806089,38.311786784216864,313900,UFPI,"UFP Industries, Inc. - Common Stock"
2020-04-15,33.8111572265625,35.440042962373745,33.632263507047455,35.430629015762854,327000,UFPI,"UFP Industries, Inc. - Common Stock"
2020-04-16,34.5926628112793,34.99752734382162,33.20857859144226,34.06539177711755,435000,UFPI,"UFP Industries, Inc. - Common Stock"
2020-04-17,35.72251510620117,36.814716307368286,35.55303529983565,36.127383133436666,327600,UFPI,"UFP Industries, Inc. - Common Stock"
2020-04-20,34.677391052246094,36.94653313722138,34.03713486636819,34.77154489474743,267800,UFPI,"UFP Industries, Inc. - Common Stock"
2020-04-21,33.30272674560547,34.21603425398821,33.1614959585317,33.44396112441869,284300,UFPI,"UFP Industries, Inc. - Common Stock"
2020-04-22,33.79233932495117,34.630320987962115,33.20857742348399,34.09363602194971,358000,UFPI,"UFP Industries, Inc. - Common Stock"
2020-04-23,34.5926628112793,35.76960419774206,31.815080420879152,32.88845039065478,664500,UFPI,"UFP Industries, Inc. - Common Stock"
2020-04-24,35.468292236328125,35.63777202759251,33.971226733057485,34.59265143711396,296000,UFPI,"UFP Industries, Inc. - Common Stock"
2020-04-27,37.83159637451172,38.07639855180358,35.505959527412074,35.656607849993065,280700,UFPI,"UFP Industries, Inc. - Common Stock"
2020-04-28,38.509517669677734,39.7900266838355,38.264711887629396,39.10269345102818,337300,UFPI,"UFP Industries, Inc. - Common Stock"
2020-04-29,40.85399627685547,41.06113914797644,39.44166635573768,40.29847969754618,347300,UFPI,"UFP Industries, Inc. - Common Stock"
2020-04-30,38.7166633605957,40.223150510436774,38.70724940974387,39.89360476278086,455600,UFPI,"UFP Industries, Inc. - Common Stock"
2020-05-01,37.87866973876953,37.9634096367339,36.79588614449041,37.72802143035944,254400,UFPI,"UFP Industries, Inc. - Common Stock"
2020-05-04,37.8598518371582,37.86926938016648,36.92771621679478,37.42673824402489,302700,UFPI,"UFP Industries, Inc. - Common Stock"
2020-05-05,38.396522521972656,39.460478205163284,38.26470570297786,38.72606816119859,442500,UFPI,"UFP Industries, Inc. - Common Stock"
2020-05-06,38.227046966552734,39.42281960130839,38.01990776734153,38.5848380804475,207200,UFPI,"UFP Industries, Inc. - Common Stock"
2020-05-07,38.500099182128906,39.253340816567665,38.39652778394243,39.093278540635424,259400,UFPI,"UFP Industries, Inc. - Common Stock"
2020-05-08,40.882225036621094,40.90105652555733,39.24392500830044,39.50755866992922,449800,UFPI,"UFP Industries, Inc. - Common Stock"
2020-05-11,40.11015701293945,40.90106168941875,39.35691531908767,40.39262579090612,362200,UFPI,"UFP Industries, Inc. - Common Stock"
2020-05-12,37.35139465332031,40.411440991268464,37.3043177356996,40.411440991268464,246700,UFPI,"UFP Industries, Inc. - Common Stock"
2020-05-13,35.562461853027344,37.14427138550796,35.03519081162043,36.85238862462805,286500,UFPI,"UFP Industries, Inc. - Common Stock"
2020-05-14,35.807254791259766,35.863749256950534,33.50986706258974,34.60206825710358,332200,UFPI,"UFP Industries, Inc. - Common Stock"
2020-05-15,37.05010223388672,37.53029618609911,34.92219442935947,35.618945100353116,314200,UFPI,"UFP Industries, Inc. - Common Stock"
2020-05-18,40.36437225341797,40.68450038654627,38.1328928619956,39.0650318234319,346000,UFPI,"UFP Industries, Inc. - Common Stock"
2020-05-19,38.64133834838867,40.36437857620194,38.622506856226686,40.30788769145586,315100,UFPI,"UFP Industries, Inc. - Common Stock"
2020-05-20,40.100730895996094,40.83514087570324,39.309826459488924,39.74293985307321,230800,UFPI,"UFP Industries, Inc. - Common Stock"
2020-05-21,39.91242218017578,40.75040358831946,39.75235992996355,40.16664186440007,239400,UFPI,"UFP Industries, Inc. - Common Stock"
2020-05-22,40.82573699951172,40.82573699951172,39.8559385981862,40.38320595809623,222900,UFPI,"UFP Industries, Inc. - Common Stock"
2020-05-26,42.529945373535156,43.31143605242916,41.95560108642281,43.08546176222502,198500,UFPI,"UFP Industries, Inc. - Common Stock"
2020-05-27,44.30006408691406,44.35655855503726,43.4055880961964,43.79162464902326,363400,UFPI,"UFP Industries, Inc. - Common Stock"
2020-05-28,42.416954040527344,45.09096420673198,42.17215188643506,45.09096420673198,280000,UFPI,"UFP Industries, Inc. - Common Stock"
2020-05-29,43.17702102661133,43.35641255914052,41.77964573699443,42.50665921366539,389700,UFPI,"UFP Industries, Inc. - Common Stock"
2020-06-01,42.988182067871094,43.583011879977434,42.78990666441333,43.22422524391121,273700,UFPI,"UFP Industries, Inc. - Common Stock"
2020-06-02,43.92290496826172,43.94178885039911,42.83710515662166,43.261983500382215,347600,UFPI,"UFP Industries, Inc. - Common Stock"
2020-06-03,45.339168548583984,46.264457261608236,44.423319976769136,44.848198365844716,401900,UFPI,"UFP Industries, Inc. - Common Stock"
2020-06-04,45.83015060424805,46.56660426827899,43.762409775648,44.46109926332539,354000,UFPI,"UFP Industries, Inc. - Common Stock"
2020-06-05,47.746822357177734,48.511603688263136,47.50133899260732,47.850681950480734,474600,UFPI,"UFP Industries, Inc. - Common Stock"
2020-06-08,47.56741714477539,48.53991378143052,47.38802204359869,48.15280315503776,319900,UFPI,"UFP Industries, Inc. - Common Stock"
2020-06-09,46.7176628112793,47.312492595904295,46.24557648100962,46.84040626563461,224600,UFPI,"UFP Industries, Inc. - Common Stock"
2020-06-10,45.30140686035156,46.76487386204469,44.97094784768099,46.53827442528004,250000,UFPI,"UFP Industries, Inc. - Common Stock"
2020-06-11,41.4302978515625,43.809613416964496,41.392530080270504,42.931532543956635,318700,UFPI,"UFP Industries, Inc. - Common Stock"
2020-06-12,42.46889114379883,43.507483361166244,41.26035113989976,43.19590461543602,304000,UFPI,"UFP Industries, Inc. - Common Stock"
2020-06-15,44.30058288574219,44.338350659462975,40.438919866986396,40.79770291213448,365400,UFPI,"UFP Industries, Inc. - Common Stock"
2020-06-16,45.90567398071289,46.443852111822366,44.84820160400884,46.273900743921175,296200,UFPI,"UFP Industries, Inc. - Common Stock"
2020-06-17,45.235321044921875,46.122842226228315,45.08425353317325,46.028426382035526,232700,UFPI,"UFP Industries, Inc. - Common Stock"
2020-06-18,45.82069778442383,46.29278411181903,43.44138226214407,45.631866134852025,363900,UFPI,"UFP Industries, Inc. - Common Stock"
2020-06-19,45.018165588378906,47.2086464977351,44.53663537713103,46.50995694480571,624900,UFPI,"UFP Industries, Inc. - Common Stock"
2020-06-22,45.971763610839844,45.98120735401831,44.12118613845905,44.6310402181148,280200,UFPI,"UFP Industries, Inc. - Common Stock"
2020-06-23,46.283348083496094,46.93482597657817,46.05674504144445,46.708226536259694,263900,UFPI,"UFP Industries, Inc. - Common Stock"
2020-06-24,44.385562896728516,46.34944410059786,44.07398773753267,45.84903365614788,349200,UFPI,"UFP Industries, Inc. - Common Stock"
2020-06-25,44.668819427490234,44.70658360467773,43.14870054238397,43.97012992438372,250800,UFPI,"UFP Industries, Inc. - Common Stock"
2020-06-26,43.16757583618164,44.621599017779445,43.158132092465,44.196724195586775,542000,UFPI,"UFP Industries, Inc. - Common Stock"
2020-06-29,46.066200256347656,46.236151679771226,43.87571924525947,43.87571924525947,265200,UFPI,"UFP Industries, Inc. - Common Stock"
2020-06-30,46.745994567871094,47.16143291230911,45.28252742240114,45.69796576683915,304100,UFPI,"UFP Industries, Inc. - Common Stock"
2020-07-01,44.70658874511719,47.00092935324578,44.593288997060014,46.783770002080345,298300,UFPI,"UFP Industries, Inc. - Common Stock"
2020-07-02,45.122013092041016,46.34943685162564,44.96150186407196,45.811258713948284,165900,UFPI,"UFP Industries, Inc. - Common Stock"
2020-07-06,45.424156188964844,46.50051265692908,45.414712443535784,46.179493745278904,258800,UFPI,"UFP Industries, Inc. - Common Stock"
2020-07-07,44.98039245605469,45.55633845109196,44.91430064695862,44.952068424080224,225200,UFPI,"UFP Industries, Inc. - Common Stock"
2020-07-08,46.018978118896484,46.018978118896484,44.904854065672126,44.904854065672126,235600,UFPI,"UFP Industries, Inc. - Common Stock"
2020-07-09,44.404441833496094,46.170047411730415,43.80961561362013,46.06618783633627,242400,UFPI,"UFP Industries, Inc. - Common Stock"
2020-07-10,45.77349853515625,46.05674966485511,44.41389095156158,44.41389095156158,207500,UFPI,"UFP Industries, Inc. - Common Stock"
2020-07-13,45.30140686035156,46.74598997535879,45.27308283118926,46.443854991850515,300500,UFPI,"UFP Industries, Inc. - Common Stock"
2020-07-14,46.698787689208984,46.821531166597964,44.970953269083054,45.39583176640371,243000,UFPI,"UFP Industries, Inc. - Common Stock"
2020-07-15,47.86955642700195,48.52103429088285,47.359702306538814,47.88844031313759,374900,UFPI,"UFP Industries, Inc. - Common Stock"
2020-07-16,48.24722671508789,48.51159753772284,47.29361380988303,47.66184061091989,201400,UFPI,"UFP Industries, Inc. - Common Stock"
2020-07-17,48.08671951293945,48.511597980216415,47.79402465731904,48.077275768259256,276400,UFPI,"UFP Industries, Inc. - Common Stock"
2020-07-20,47.60519027709961,48.24722806154993,47.29361512973206,48.086720416304026,149400,UFPI,"UFP Industries, Inc. - Common Stock"
2020-07-21,48.464385986328125,48.6721015292917,47.680720923505994,48.47382612848116,419500,UFPI,"UFP Industries, Inc. - Common Stock"
2020-07-22,49.53130340576172,49.672930764116636,48.511598671499655,48.511598671499655,287300,UFPI,"UFP Industries, Inc. - Common Stock"
2020-07-23,51.62737274169922,54.69593456456081,51.07031060517192,53.57237014758329,642800,UFPI,"UFP Industries, Inc. - Common Stock"
2020-07-24,51.84452438354492,52.17498339786287,50.98532734458513,51.03253526066867,381600,UFPI,"UFP Industries, Inc. - Common Stock"
2020-07-27,54.48821258544922,54.50709647405989,51.72178593432137,51.976713027965246,476100,UFPI,"UFP Industries, Inc. - Common Stock"
2020-07-28,53.298553466796875,54.50709345712011,53.27022583458205,54.24272623467022,289500,UFPI,"UFP Industries, Inc. - Common Stock"
2020-07-29,55.47014236450195,55.517350275954975,53.36463781844879,53.846164278042046,314300,UFPI,"UFP Industries, Inc. - Common Stock"
2020-07-30,55.31907653808594,55.63065164436261,53.912257683702634,54.42211178677305,266100,UFPI,"UFP Industries, Inc. - Common Stock"
2020-07-31,54.96974182128906,55.224668910669145,53.506271093173744,55.007505996145305,373400,UFPI,"UFP Industries, Inc. - Common Stock"
2020-08-03,56.470977783203125,56.527625847416466,54.91309118613362,55.347409819858804,275700,UFPI,"UFP Industries, Inc. - Common Stock"
2020-08-04,56.18771743774414,56.58427185625876,55.130244991260376,56.159393408469214,324900,UFPI,"UFP Industries, Inc. - Common Stock"
2020-08-05,57.65119171142578,57.670075599387076,56.168840722930995,56.65036725987728,280500,UFPI,"UFP Industries, Inc. - Common Stock"
2020-08-06,56.697574615478516,57.73616683262854,56.527623227249116,57.59453947519294,270900,UFPI,"UFP Industries, Inc. - Common Stock"
2020-08-07,57.594539642333984,57.594539642333984,56.19716435862962,56.489859217370395,273300,UFPI,"UFP Industries, Inc. - Common Stock"
2020-08-10,58.10438919067383,58.708659146226324,57.452907718435696,57.934437815458054,385800,UFPI,"UFP Industries, Inc. - Common Stock"
2020-08-11,58.3970832824707,59.265724087389934,57.98164856812955,58.793637711293215,299000,UFPI,"UFP Industries, Inc. - Common Stock"
2020-08-12,60.07771682739258,60.13436489080643,58.46317858716253,59.350703332469514,277800,UFPI,"UFP Industries, Inc. - Common Stock"
2020-08-13,59.50176239013672,60.257099809528995,59.25627547775115,59.92664081408641,230900,UFPI,"UFP Industries, Inc. - Common Stock"
2020-08-14,59.28461456298828,59.85111683656691,58.18937419279829,59.237406640479,177400,UFPI,"UFP Industries, Inc. - Common Stock"
2020-08-17,59.775577545166016,60.615887106868094,59.49232284140445,59.61506630625225,222300,UFPI,"UFP Industries, Inc. - Common Stock"
2020-08-18,59.02968215942383,60.40817354263636,58.71810341571691,59.86055520757566,280100,UFPI,"UFP Industries, Inc. - Common Stock"
2020-08-19,59.086334228515625,59.718928261505106,58.54815243098329,59.086334228515625,316100,UFPI,"UFP Industries, Inc. - Common Stock"
2020-08-20,58.161033630371094,59.14297404793481,57.89666644169348,58.699211751169265,332500,UFPI,"UFP Industries, Inc. - Common Stock"
2020-08-21,58.538719177246094,58.585927101397125,57.292411250643426,58.34988387890823,286500,UFPI,"UFP Industries, Inc. - Common Stock"
2020-08-24,58.3970832824707,59.3979076964197,58.047740372644434,59.067448673845284,250600,UFPI,"UFP Industries, Inc. - Common Stock"
2020-08-25,57.60397720336914,58.95414450784985,57.40570179265795,58.95414450784985,304600,UFPI,"UFP Industries, Inc. - Common Stock"
2020-08-26,57.547332763671875,57.75504833007203,57.226313868253385,57.69840026729625,325400,UFPI,"UFP Industries, Inc. - Common Stock"
2020-08-27,57.141334533691406,58.34987448572864,57.037474956238235,58.076063527303596,270500,UFPI,"UFP Industries, Inc. - Common Stock"
2020-08-28,57.424583435058594,57.7833700702261,57.04691291364722,57.52844300853337,209300,UFPI,"UFP Industries, Inc. - Common Stock"
2020-08-31,56.152061462402344,57.61854619478472,56.152061462402344,57.61854619478472,280400,UFPI,"UFP Industries, Inc. - Common Stock"
2020-09-01,57.64692687988281,57.70369521668694,55.71684673835507,56.29397886383503,318200,UFPI,"UFP Industries, Inc. - Common Stock"
2020-09-02,57.864532470703125,58.12944415312307,56.530507255565446,57.65638551500118,251400,UFPI,"UFP Industries, Inc. - Common Stock"
2020-09-03,55.187015533447266,57.78883771676462,54.89371791530639,57.78883771676462,263800,UFPI,"UFP Industries, Inc. - Common Stock"
2020-09-04,54.562564849853516,56.133122511386624,53.75836685541899,56.00066310166163,247600,UFPI,"UFP Industries, Inc. - Common Stock"
2020-09-08,52.623043060302734,54.18413804436099,52.53789235918772,53.57862355161025,411100,UFPI,"UFP Industries, Inc. - Common Stock"
2020-09-09,54.09898376464844,54.43012335310722,53.04879305674941,53.04879305674941,424500,UFPI,"UFP Industries, Inc. - Common Stock"
2020-09-10,53.06770706176758,54.4963422618548,53.020401929686585,54.05166968931321,310700,UFPI,"UFP Industries, Inc. - Common Stock"
2020-09-11,52.57573699951172,53.59754539505524,52.07429599567148,53.59754539505524,296500,UFPI,"UFP Industries, Inc. - Common Stock"
2020-09-14,53.58808517456055,53.834077702315284,52.62304506160603,53.0677213631349,254500,UFPI,"UFP Industries, Inc. - Common Stock"
2020-09-15,53.19071578979492,54.4395903377406,53.04879675105747,53.92868612926707,297900,UFPI,"UFP Industries, Inc. - Common Stock"
2020-09-16,53.91921615600586,54.373351939658654,52.98255862093109,53.455617180046545,330000,UFPI,"UFP Industries, Inc. - Common Stock"
2020-09-17,52.802799224853516,53.25693502189824,52.263512740291006,52.85956394376505,287500,UFPI,"UFP Industries, Inc. - Common Stock"
2020-09-18,51.8377685546875,53.446168712006596,51.289018779598756,53.361018009291136,820800,UFPI,"UFP Industries, Inc. - Common Stock"
2020-09-21,49.81306457519531,50.9010970270132,48.63041825203445,50.711872893477434,346300,UFPI,"UFP Industries, Inc. - Common Stock"
2020-09-22,51.38363265991211,51.39309224503247,49.66169943591497,49.98337946727439,255400,UFPI,"UFP Industries, Inc. - Common Stock"
2020-09-23,50.36182403564453,51.70531249413549,50.36182403564453,51.345786905363106,382000,UFPI,"UFP Industries, Inc. - Common Stock"
2020-09-24,51.09033966064453,51.506630017844145,50.00230320569244,50.437519953164156,306400,UFPI,"UFP Industries, Inc. - Common Stock"
2020-09-25,51.20386505126953,51.87561104817657,50.52266307894894,50.72134683716116,350600,UFPI,"UFP Industries, Inc. - Common Stock"
2020-09-28,53.34209442138672,53.6353884747325,51.89453249716467,51.960760419478305,257400,UFPI,"UFP Industries, Inc. - Common Stock"
2020-09-29,53.17178726196289,53.72053336017387,52.850107270201036,53.30424309225,205800,UFPI,"UFP Industries, Inc. - Common Stock"
2020-09-30,53.465084075927734,54.5152747982687,53.152867260966055,53.531315603681115,322800,UFPI,"UFP Industries, Inc. - Common Stock"
2020-10-01,54.18413543701172,54.18413543701172,52.90687498174847,53.824609870809745,270000,UFPI,"UFP Industries, Inc. - Common Stock"
2020-10-02,54.1368293762207,54.884259249393665,53.06771588942533,53.06771588942533,267500,UFPI,"UFP Industries, Inc. - Common Stock"
2020-10-05,54.827491760253906,55.61276714944711,54.59096246328055,54.59096246328055,249000,UFPI,"UFP Industries, Inc. - Common Stock"
2020-10-06,54.93156814575195,55.839839828170966,54.70449842057178,55.38570398696146,467600,UFPI,"UFP Industries, Inc. - Common Stock"
2020-10-07,55.678993225097656,56.33181637304139,54.988328133842394,55.55600059332175,288400,UFPI,"UFP Industries, Inc. - Common Stock"
2020-10-08,56.38859176635742,56.63458429477413,55.669544179222655,56.31290425625697,174500,UFPI,"UFP Industries, Inc. - Common Stock"
2020-10-09,56.0479850769043,57.19278603416427,55.839838135893125,56.767032568073574,220200,UFPI,"UFP Industries, Inc. - Common Stock"
2020-10-12,56.38859176635742,57.00356947824797,56.25613591681822,56.416977740652406,146200,UFPI,"UFP Industries, Inc. - Common Stock"
2020-10-13,55.32892990112305,56.36019772784716,55.22485643828339,56.29396981679473,217400,UFPI,"UFP Industries, Inc. - Common Stock"
2020-10-14,54.83694839477539,56.00067204019692,54.789643259755096,55.74521998010676,110800,UFPI,"UFP Industries, Inc. - Common Stock"
2020-10-15,55.73576736450195,55.96283709379687,54.03275702681826,54.212518006028176,182600,UFPI,"UFP Industries, Inc. - Common Stock"
2020-10-16,54.25981521606445,56.152049450056595,54.165204948025,55.63168575753883,256000,UFPI,"UFP Industries, Inc. - Common Stock"
2020-10-19,53.4272346496582,55.66007161896861,53.152859820057266,54.66664576069972,310200,UFPI,"UFP Industries, Inc. - Common Stock"
2020-10-20,53.957061767578125,55.10186630145374,53.729995664883404,54.10844037242481,165500,UFPI,"UFP Industries, Inc. - Common Stock"
2020-10-21,53.27585983276367,54.590962138651065,52.70818735791294,54.17466826859707,219200,UFPI,"UFP Industries, Inc. - Common Stock"
2020-10-22,51.629615783691406,53.15286506697561,48.52635249446445,51.714766476829986,815700,UFPI,"UFP Industries, Inc. - Common Stock"
2020-10-23,50.39966583251953,52.25405475762924,50.3145151365119,52.25405475762924,381100,UFPI,"UFP Industries, Inc. - Common Stock"
2020-10-26,49.434627532958984,51.251170965414005,49.103487930944056,50.77811232873497,377700,UFPI,"UFP Industries, Inc. - Common Stock"
2020-10-27,47.8167724609375,49.67116162888627,47.79784968055215,49.4914006289524,305000,UFPI,"UFP Industries, Inc. - Common Stock"
2020-10-28,47.911376953125,48.39389877165472,46.1894438471953,46.70034802829116,376600,UFPI,"UFP Industries, Inc. - Common Stock"
2020-10-29,47.504547119140625,48.166829928000006,47.11663918396099,47.57077503911147,412900,UFPI,"UFP Industries, Inc. - Common Stock"
2020-10-30,47.2207145690918,48.56420301954522,46.407053108967354,47.542394597300266,279400,UFPI,"UFP Industries, Inc. - Common Stock"
2020-11-02,49.36838912963867,49.406234678733085,47.92083116370459,47.92083116370459,277100,UFPI,"UFP Industries, Inc. - Common Stock"
2020-11-03,50.636192321777344,50.99571786368665,49.78468540913705,50.465890939249284,322100,UFPI,"UFP Industries, Inc. - Common Stock"
2020-11-04,50.47535705566406,50.74027235674363,48.58312243525827,49.907688113202774,243200,UFPI,"UFP Industries, Inc. - Common Stock"
2020-11-05,51.09033966064453,52.21621806868643,50.84435072437918,51.014648536161985,168100,UFPI,"UFP Industries, Inc. - Common Stock"
2020-11-06,50.409114837646484,51.47822810555853,49.69952705621947,51.47822810555853,150700,UFPI,"UFP Industries, Inc. - Common Stock"
2020-11-09,49.58600997924805,54.84642372439814,49.548164419196674,54.11791293458977,287000,UFPI,"UFP Industries, Inc. - Common Stock"
2020-11-10,50.8065071105957,51.4214812794194,49.49140445006398,50.2199153099657,341100,UFPI,"UFP Industries, Inc. - Common Stock"
2020-11-11,50.30504608154297,51.28900876317057,49.34946936804434,51.090325032019926,273200,UFPI,"UFP Industries, Inc. - Common Stock"
2020-11-12,49.027793884277344,50.617271097182616,48.42227944300882,49.93606554618014,274600,UFPI,"UFP Industries, Inc. - Common Stock"
2020-11-13,50.04014205932617,50.541583059767476,49.690079678404,49.71846204170416,178600,UFPI,"UFP Industries, Inc. - Common Stock"
2020-11-16,50.67403793334961,51.03355986651881,49.76576268911256,50.967331952032346,341200,UFPI,"UFP Industries, Inc. - Common Stock"
2020-11-17,51.440391540527344,51.449854733722944,49.40624171071076,50.42804641764149,243100,UFPI,"UFP Industries, Inc. - Common Stock"
2020-11-18,50.85380935668945,51.68639366462648,49.67116262746411,51.440401123822824,187100,UFPI,"UFP Industries, Inc. - Common Stock"
2020-11-19,51.32685470581055,51.56338399016912,50.418583120069734,50.8537961370934,273300,UFPI,"UFP Industries, Inc. - Common Stock"
2020-11-20,51.08087158203125,51.27009214347517,50.05906322630997,50.797033521563655,267200,UFPI,"UFP Industries, Inc. - Common Stock"
2020-11-23,51.73369216918945,52.17836843720874,51.14710047737638,51.48769965997205,286200,UFPI,"UFP Industries, Inc. - Common Stock"
2020-11-24,51.56338882446289,52.45273771773732,51.440392574502866,52.45273771773732,364800,UFPI,"UFP Industries, Inc. - Common Stock"
2020-11-25,51.137630462646484,51.676916941262306,50.57942120821865,51.676916941262306,176000,UFPI,"UFP Industries, Inc. - Common Stock"
2020-11-27,51.12818145751953,52.121603933707235,50.34290234002707,50.9862624141422,74800,UFPI,"UFP Industries, Inc. - Common Stock"
2020-11-30,50.87687301635742,51.24671362883213,50.45013245676413,50.677725010201605,288300,UFPI,"UFP Industries, Inc. - Common Stock"
2020-12-01,50.72514343261719,51.81569862080955,50.525995426496486,51.692417210833575,433900,UFPI,"UFP Industries, Inc. - Common Stock"
2020-12-02,49.9190788269043,50.801008140760715,49.416475271648814,50.611345261460244,400100,UFPI,"UFP Industries, Inc. - Common Stock"
2020-12-03,50.184600830078125,50.7535894242454,50.03287126180384,50.03287126180384,185900,UFPI,"UFP Industries, Inc. - Common Stock"
2020-12-04,50.12770462036133,50.66824143469971,49.90010845865756,50.26046754072258,208900,UFPI,"UFP Industries, Inc. - Common Stock"
2020-12-07,50.75358963012695,50.89583406610709,49.738897459891895,50.156152869959215,284700,UFPI,"UFP Industries, Inc. - Common Stock"
2020-12-08,50.95274353027344,51.009643485806805,49.8337363940831,50.63031768395556,197600,UFPI,"UFP Industries, Inc. - Common Stock"
2020-12-09,51.41741180419922,52.02433012642575,50.88635646349172,51.58810803451525,221000,UFPI,"UFP Industries, Inc. - Common Stock"
2020-12-10,50.848426818847656,51.25620077418825,50.2794417552425,51.25620077418825,178900,UFPI,"UFP Industries, Inc. - Common Stock"
2020-12-11,51.34153747558594,52.470029452502715,50.82944886173385,50.876867287752674,298600,UFPI,"UFP Industries, Inc. - Common Stock"
2020-12-14,52.62176513671875,53.10540202776349,51.635521087998725,51.635521087998725,421400,UFPI,"UFP Industries, Inc. - Common Stock"
2020-12-15,53.579566955566406,54.07268906784382,52.42262647608789,52.72608568094798,379500,UFPI,"UFP Industries, Inc. - Common Stock"
2020-12-16,52.062259674072266,54.33820321840566,51.96742643210944,53.98732926693894,428100,UFPI,"UFP Industries, Inc. - Common Stock"
2020-12-17,54.053714752197266,54.45200354554139,52.157093181944724,52.545900459145756,439900,UFPI,"UFP Industries, Inc. - Common Stock"
2020-12-18,53.72180938720703,55.950338366668554,53.14333920834187,54.338209249548946,1567800,UFPI,"UFP Industries, Inc. - Common Stock"
2020-12-21,52.6407356262207,53.42783539705388,51.48379880661866,52.54590598474345,364000,UFPI,"UFP Industries, Inc. - Common Stock"
2020-12-22,52.67866516113281,53.06747245140418,52.280376354399614,52.5933170429016,271400,UFPI,"UFP Industries, Inc. - Common Stock"
2020-12-23,52.94418716430664,53.361442562488634,52.19502085658877,52.792453982220636,180200,UFPI,"UFP Industries, Inc. - Common Stock"
2020-12-24,53.49421691894531,53.513183570762045,52.69763563023706,53.105409600499556,88300,UFPI,"UFP Industries, Inc. - Common Stock"
2020-12-28,53.72180938720703,54.6132202554879,53.674390952203375,54.05371672712047,207300,UFPI,"UFP Industries, Inc. - Common Stock"
2020-12-29,52.93470764160156,54.36665895038964,52.470037383531775,54.006299839781455,181700,UFPI,"UFP Industries, Inc. - Common Stock"
2020-12-30,53.6649055480957,54.15802757275747,52.318302400458094,52.59331338647458,168800,UFPI,"UFP Industries, Inc. - Common Stock"
2020-12-31,52.67866516113281,53.370931623444335,49.862184494540195,53.0390242845,435100,UFPI,"UFP Industries, Inc. - Common Stock"
2021-01-04,51.882083892822266,53.484731487619946,51.104469312838965,53.16230566536941,365700,UFPI,"UFP Industries, Inc. - Common Stock"
2021-01-05,52.14760971069336,52.85884277287264,51.61655438862619,51.89156537420661,290300,UFPI,"UFP Industries, Inc. - Common Stock"
2021-01-06,54.4804573059082,54.764949828265586,52.9916096086365,52.9916096086365,495600,UFPI,"UFP Industries, Inc. - Common Stock"
2021-01-07,55.63739776611328,55.713264373158154,53.97785372095537,54.764953490210786,256000,UFPI,"UFP Industries, Inc. - Common Stock"
2021-01-08,53.82612609863281,56.28225152025365,53.46577055450923,56.054658925809186,340400,UFPI,"UFP Industries, Inc. - Common Stock"
2021-01-11,54.499427795410156,54.78392033780756,53.418353963788675,53.418353963788675,207000,UFPI,"UFP Industries, Inc. - Common Stock"
2021-01-12,54.964080810546875,55.09684371405985,53.67437783210459,54.679588357659384,209200,UFPI,"UFP Industries, Inc. - Common Stock"
2021-01-13,53.61749267578125,55.06840701986602,53.39938162923716,54.907195922753736,216400,UFPI,"UFP Industries, Inc. - Common Stock"
2021-01-14,53.63645935058594,54.43304055540964,53.38989652045177,53.97784819478019,245500,UFPI,"UFP Industries, Inc. - Common Stock"
2021-01-15,53.740760803222656,54.063186556948864,51.920006159252004,52.96314638850379,479600,UFPI,"UFP Industries, Inc. - Common Stock"
2021-01-19,55.10633850097656,55.571008744687234,53.5795576080332,54.48993506378827,397500,UFPI,"UFP Industries, Inc. - Common Stock"
2021-01-20,54.68906784057617,56.196881764146404,54.15801624624853,55.32443779202661,407600,UFPI,"UFP Industries, Inc. - Common Stock"
2021-01-21,56.481380462646484,57.116746826261895,54.41406307167452,54.68907039550566,454800,UFPI,"UFP Industries, Inc. - Common Stock"
2021-01-22,57.145206451416016,57.34435446606461,54.92615906441672,55.82705503586215,328900,UFPI,"UFP Industries, Inc. - Common Stock"
2021-01-25,55.2580680847168,57.5245302085905,54.10112780691611,57.202104407442036,341700,UFPI,"UFP Industries, Inc. - Common Stock"
2021-01-26,53.95888137817383,56.405521152994176,53.930429596680796,55.74170292594365,219000,UFPI,"UFP Industries, Inc. - Common Stock"
2021-01-27,53.133853912353516,55.058927330538886,51.60707291836875,52.82091322389181,376800,UFPI,"UFP Industries, Inc. - Common Stock"
2021-01-28,52.8493537902832,54.006293978101645,51.78724684102587,53.98732733038943,354000,UFPI,"UFP Industries, Inc. - Common Stock"
2021-01-29,51.151885986328125,52.906263230698784,50.99067487811224,52.906263230698784,262600,UFPI,"UFP Industries, Inc. - Common Stock"
2021-02-01,53.864051818847656,54.05371469919063,51.29413046188006,52.346756011140954,306200,UFPI,"UFP Industries, Inc. - Common Stock"
2021-02-02,54.992530822753906,55.077878917632134,53.51316505070393,54.42354231772652,225600,UFPI,"UFP Industries, Inc. - Common Stock"
2021-02-03,55.78913116455078,55.82706085067962,54.20545010368576,54.77443518832675,235000,UFPI,"UFP Industries, Inc. - Common Stock"
2021-02-04,57.145206451416016,57.183139751112755,55.55204765685721,55.95033645111727,308900,UFPI,"UFP Industries, Inc. - Common Stock"
2021-02-05,57.90385818481445,57.96075451704689,56.68053639655702,57.54349907142853,207900,UFPI,"UFP Industries, Inc. - Common Stock"
2021-02-08,59.478050231933594,59.753057594729896,57.8469546162945,57.97971753988961,339300,UFPI,"UFP Industries, Inc. - Common Stock"
2021-02-09,59.19355773925781,59.610816801815,58.41594318133397,59.45908722020836,225200,UFPI,"UFP Industries, Inc. - Common Stock"
2021-02-10,58.69095230102539,60.01858881075308,58.55818937355632,59.75305933829647,267900,UFPI,"UFP Industries, Inc. - Common Stock"
2021-02-11,58.880611419677734,59.534944499392985,57.571941642729016,59.089240930971684,324000,UFPI,"UFP Industries, Inc. - Common Stock"
2021-02-12,59.0892448425293,60.01858895455801,58.34007847285198,58.681470925743845,237900,UFPI,"UFP Industries, Inc. - Common Stock"
2021-02-16,58.16938781738281,59.27890977802364,57.998691574589024,59.26942826121012,299100,UFPI,"UFP Industries, Inc. - Common Stock"
2021-02-17,57.619354248046875,58.50128345336294,57.05985081260462,57.875398560962964,257400,UFPI,"UFP Industries, Inc. - Common Stock"
2021-02-18,56.30121612548828,57.837482360962575,55.98827541512651,57.59091950550767,277300,UFPI,"UFP Industries, Inc. - Common Stock"
2021-02-19,57.07882308959961,57.44866732307908,56.48138991805571,56.519319598973894,190600,UFPI,"UFP Industries, Inc. - Common Stock"
2021-02-22,57.57194519042969,58.11248203252914,56.37707522829364,56.8986454211505,200400,UFPI,"UFP Industries, Inc. - Common Stock"
2021-02-23,57.24951934814453,58.027133878952775,56.225345612392545,57.34435259429093,312600,UFPI,"UFP Industries, Inc. - Common Stock"
2021-02-24,57.552978515625,58.28317823230766,56.86071209741069,57.19262303273105,305600,UFPI,"UFP Industries, Inc. - Common Stock"
2021-02-25,57.12623596191406,62.22814834453541,56.95553975307973,60.54015290356456,580700,UFPI,"UFP Industries, Inc. - Common Stock"
2021-02-26,57.99135971069336,59.06562689781694,56.32767316161609,57.79171819517582,350700,UFPI,"UFP Industries, Inc. - Common Stock"
2021-03-01,60.03531265258789,60.51065161697402,58.37162627723643,59.084634723815626,320500,UFPI,"UFP Industries, Inc. - Common Stock"
2021-03-02,59.1987190246582,60.58670802325439,59.06562468596388,60.368052520178175,342100,UFPI,"UFP Industries, Inc. - Common Stock"
2021-03-03,58.86598587036133,60.215950650349185,58.59029197913523,59.236753373515484,285900,UFPI,"UFP Industries, Inc. - Common Stock"
2021-03-04,58.6378173828125,59.797645664791204,57.56355026305433,58.875486874919694,355000,UFPI,"UFP Industries, Inc. - Common Stock"
2021-03-05,59.322303771972656,59.53145044871934,57.48749509274282,58.98956432340778,454600,UFPI,"UFP Industries, Inc. - Common Stock"
2021-03-08,60.85289764404297,61.603934095330246,59.12266043766077,59.227235592466414,300900,UFPI,"UFP Industries, Inc. - Common Stock"
2021-03-09,62.2598991394043,62.526087814420634,60.79585780026572,61.65146580991055,444600,UFPI,"UFP Industries, Inc. - Common Stock"
2021-03-10,65.4066390991211,65.520715799345,62.59262627532457,63.609858539630466,578600,UFPI,"UFP Industries, Inc. - Common Stock"
2021-03-11,66.5094223022461,66.68054460739384,63.89505818382559,65.87246987595589,585400,UFPI,"UFP Industries, Inc. - Common Stock"
2021-03-12,68.3632583618164,68.50585425913049,66.51894072351412,66.88970456272577,613300,UFPI,"UFP Industries, Inc. - Common Stock"
2021-03-15,69.0382308959961,69.07625888191981,67.2984886187432,68.0970545638514,410900,UFPI,"UFP Industries, Inc. - Common Stock"
2021-03-16,68.44882202148438,69.03824504445139,67.55518230187914,69.03824504445139,358200,UFPI,"UFP Industries, Inc. - Common Stock"
2021-03-17,68.92415618896484,68.9907033599889,67.64074231744503,68.37276119870968,309500,UFPI,"UFP Industries, Inc. - Common Stock"
2021-03-18,67.76432037353516,69.19033724083378,67.46010373196866,68.78154544875096,468500,UFPI,"UFP Industries, Inc. - Common Stock"
2021-03-19,66.918212890625,68.04001303720048,66.07211018931174,67.99247624373942,1010600,UFPI,"UFP Industries, Inc. - Common Stock"
2021-03-22,67.17491149902344,67.5456753417425,65.91050800816221,67.31750739768647,416700,UFPI,"UFP Industries, Inc. - Common Stock"
2021-03-23,65.02637481689453,67.0227971099765,64.78870532359674,66.6140052913804,358800,UFPI,"UFP Industries, Inc. - Common Stock"
2021-03-24,64.50350189208984,66.73759377758479,64.48449152314545,65.65382142031324,419100,UFPI,"UFP Industries, Inc. - Common Stock"
2021-03-25,66.7090835571289,67.12738426106282,63.93310512016433,64.57005773526467,326700,UFPI,"UFP Industries, Inc. - Common Stock"
2021-03-26,69.67520141601562,69.81780458694979,66.8421773810717,67.2319588980852,390500,UFPI,"UFP Industries, Inc. - Common Stock"
2021-03-29,68.24917602539062,71.27233242350952,67.8498929971536,71.27233242350952,404000,UFPI,"UFP Industries, Inc. - Common Stock"
2021-03-30,70.67340087890625,70.67340087890625,67.91644040959078,68.08756274417084,416200,UFPI,"UFP Industries, Inc. - Common Stock"
2021-03-31,72.09941864013672,72.56525609917615,70.60685441640318,70.82551355565616,509400,UFPI,"UFP Industries, Inc. - Common Stock"
2021-04-01,73.51592254638672,73.57296089846366,72.15645288147856,72.3560943668445,364200,UFPI,"UFP Industries, Inc. - Common Stock"
2021-04-05,75.3887710571289,75.60742294338726,73.93422757135511,74.52365056401699,355200,UFPI,"UFP Industries, Inc. - Common Stock"
2021-04-06,76.1588134765625,76.2919078133723,74.99898518170787,75.58840813979228,423100,UFPI,"UFP Industries, Inc. - Common Stock"
2021-04-07,74.99899291992188,76.35846286025803,74.39055953084397,76.32994367844158,343500,UFPI,"UFP Industries, Inc. - Common Stock"
2021-04-08,75.78804016113281,75.7975489706,73.78210929624706,75.56938106196623,254500,UFPI,"UFP Industries, Inc. - Common Stock"
2021-04-09,76.17782592773438,76.74823853319896,75.34123189446927,76.18733473865147,380000,UFPI,"UFP Industries, Inc. - Common Stock"
2021-04-12,77.04293060302734,77.49925189015428,75.88310251417758,76.23485591503899,288000,UFPI,"UFP Industries, Inc. - Common Stock"
2021-04-13,74.89442443847656,77.00493111851691,73.06912410826283,76.26340331268625,584700,UFPI,"UFP Industries, Inc. - Common Stock"
2021-04-14,75.64543914794922,76.14929726736048,74.4475829799454,74.91342036661706,299300,UFPI,"UFP Industries, Inc. - Common Stock"
2021-04-15,75.63594055175781,76.25388271212202,74.61871536584047,76.06375001036272,305100,UFPI,"UFP Industries, Inc. - Common Stock"
2021-04-16,77.06195068359375,77.62285443389534,76.24436708355888,76.28239507112993,476900,UFPI,"UFP Industries, Inc. - Common Stock"
2021-04-19,75.97819519042969,77.86054109855638,74.8468931361992,77.72744673923515,295900,UFPI,"UFP Industries, Inc. - Common Stock"
2021-04-20,73.61097717285156,76.06372746528552,72.38460202663458,75.97816269768664,345200,UFPI,"UFP Industries, Inc. - Common Stock"
2021-04-21,74.4190673828125,74.74230165141739,73.23071996739176,73.61099259094581,283500,UFPI,"UFP Industries, Inc. - Common Stock"
2021-04-22,74.74229431152344,81.09282256601679,74.38103209073036,81.09282256601679,761500,UFPI,"UFP Industries, Inc. - Common Stock"
2021-04-23,77.38519287109375,77.85102307359287,74.82786665672317,75.4933456276768,557500,UFPI,"UFP Industries, Inc. - Common Stock"
2021-04-26,79.62879943847656,80.72208070068588,77.81300079165351,79.59077144422339,560900,UFPI,"UFP Industries, Inc. - Common Stock"
2021-04-27,80.74108123779297,81.81534474549183,80.16116708898191,80.19919507860365,360400,UFPI,"UFP Industries, Inc. - Common Stock"
2021-04-28,79.33407592773438,80.69354575321395,78.9157825412697,80.69354575321395,233300,UFPI,"UFP Industries, Inc. - Common Stock"
2021-04-29,80.75059509277344,81.1213589483744,79.51471073870505,80.04708812047096,273600,UFPI,"UFP Industries, Inc. - Common Stock"
2021-04-30,79.89497375488281,81.4540849729525,79.41012598185597,80.56995421183154,404700,UFPI,"UFP Industries, Inc. - Common Stock"
2021-05-03,82.31920623779297,82.76602606751209,80.30377347817168,80.9882628127969,431900,UFPI,"UFP Industries, Inc. - Common Stock"
2021-05-04,83.4314956665039,83.85929782606776,81.04529207427115,81.61569737138858,446400,UFPI,"UFP Industries, Inc. - Common Stock"
2021-05-05,82.77555847167969,85.33288539436279,82.09106894195783,85.33288539436279,408600,UFPI,"UFP Industries, Inc. - Common Stock"
2021-05-06,84.25857543945312,84.30611223330737,82.23363422513954,82.97516178944885,366300,UFPI,"UFP Industries, Inc. - Common Stock"
2021-05-07,83.83079528808594,84.1920503555737,82.45231494202378,83.86882328252123,662500,UFPI,"UFP Industries, Inc. - Common Stock"
2021-05-10,83.5835952758789,85.53248777998458,83.57409371955777,84.04943264708632,449500,UFPI,"UFP Industries, Inc. - Common Stock"
2021-05-11,80.12313842773438,82.46180537163708,78.64008311040517,82.2051255102137,415800,UFPI,"UFP Industries, Inc. - Common Stock"
2021-05-12,75.3792495727539,80.06609178623185,75.1225624847915,79.47666889266688,570200,UFPI,"UFP Industries, Inc. - Common Stock"
2021-05-13,78.2978515625,78.77319062868656,75.20814763228728,75.59792189494902,368800,UFPI,"UFP Industries, Inc. - Common Stock"
2021-05-14,79.03938293457031,79.39113647063759,77.53730967646536,79.39113647063759,290900,UFPI,"UFP Industries, Inc. - Common Stock"
2021-05-17,78.126708984375,79.34357551831421,76.86230565488327,79.02034851846639,223800,UFPI,"UFP Industries, Inc. - Common Stock"
2021-05-18,75.51235961914062,78.80170488094055,75.51235961914062,78.69712971267569,309500,UFPI,"UFP Industries, Inc. - Common Stock"
2021-05-19,75.62644958496094,75.87362068124364,73.25925577388684,74.0768395615263,331500,UFPI,"UFP Industries, Inc. - Common Stock"
2021-05-20,75.55037689208984,76.14930138190486,74.53315178857076,75.73100802129788,281000,UFPI,"UFP Industries, Inc. - Common Stock"
2021-05-21,75.17012023925781,77.1855605071621,74.92294189199158,76.54860064101071,496900,UFPI,"UFP Industries, Inc. - Common Stock"
2021-05-24,74.65673065185547,75.62642612386067,74.62821147675469,75.24615353195856,246800,UFPI,"UFP Industries, Inc. - Common Stock"
2021-05-25,74.13386535644531,75.58840137359252,73.95323423561638,74.76130899479853,288900,UFPI,"UFP Industries, Inc. - Common Stock"
2021-05-26,75.67395782470703,75.73100342963333,74.5426560792042,74.57117525511904,306400,UFPI,"UFP Industries, Inc. - Common Stock"
2021-05-27,75.97819519042969,76.99542050986976,75.90213919850368,76.47255188485022,233800,UFPI,"UFP Industries, Inc. - Common Stock"
2021-05-28,75.74006652832031,77.04494710616868,75.15906915772344,76.44489635288816,183900,UFPI,"UFP Industries, Inc. - Common Stock"
2021-06-01,77.19734191894531,77.58784904702878,75.86388858876713,76.35916751708334,295300,UFPI,"UFP Industries, Inc. - Common Stock"
2021-06-02,74.13992309570312,77.57832469152414,73.83513437677858,77.57832469152414,403400,UFPI,"UFP Industries, Inc. - Common Stock"
2021-06-03,72.47311401367188,74.51139736425112,71.7778180991275,73.55893163285796,383200,UFPI,"UFP Industries, Inc. - Common Stock"
2021-06-04,72.87315368652344,73.33985985088827,71.50160073538486,72.77790856863585,300300,UFPI,"UFP Industries, Inc. - Common Stock"
2021-06-07,72.39691925048828,73.33033155884883,71.52064529152936,73.14936801883246,335800,UFPI,"UFP Industries, Inc. - Common Stock"
2021-06-08,72.44453430175781,72.82552201136123,71.80638406654538,72.17784508505626,389600,UFPI,"UFP Industries, Inc. - Common Stock"
2021-06-09,70.89199829101562,72.54928601208181,70.80627262839567,72.34926915494746,286400,UFPI,"UFP Industries, Inc. - Common Stock"
2021-06-10,70.0062255859375,71.14918146431953,69.77763586360834,70.95869124016794,321700,UFPI,"UFP Industries, Inc. - Common Stock"
2021-06-11,70.68246459960938,71.19679684683216,69.90144317236036,69.90144317236036,234300,UFPI,"UFP Industries, Inc. - Common Stock"
2021-06-14,69.634765625,70.66343029128664,68.96804256355664,70.55865848638321,315700,UFPI,"UFP Industries, Inc. - Common Stock"
2021-06-15,70.87296295166016,70.90153575463107,68.95850521852124,69.55855588111616,459900,UFPI,"UFP Industries, Inc. - Common Stock"
2021-06-16,69.60619354248047,70.84439456473203,69.13948012787348,70.65390433568915,318600,UFPI,"UFP Industries, Inc. - Common Stock"
2021-06-17,68.34893798828125,69.51094725942319,66.71069588580154,69.26330415244138,339600,UFPI,"UFP Industries, Inc. - Common Stock"
2021-06-18,67.30123138427734,68.26321653115704,66.89167083327126,67.36790369412779,719900,UFPI,"UFP Industries, Inc. - Common Stock"
2021-06-21,68.39655303955078,69.24424685000646,67.9108008111341,67.9108008111341,212100,UFPI,"UFP Industries, Inc. - Common Stock"
2021-06-22,69.06329345703125,69.22521089025611,67.32027939329446,68.31084464372296,254500,UFPI,"UFP Industries, Inc. - Common Stock"
2021-06-23,68.75849914550781,69.28235090474959,68.24416681093008,68.90136318283241,326200,UFPI,"UFP Industries, Inc. - Common Stock"
2021-06-24,69.68240356445312,69.91099332881446,68.34894994999316,68.9680541924286,272300,UFPI,"UFP Industries, Inc. - Common Stock"
2021-06-25,69.27284240722656,70.46342468431068,69.02519925890655,69.93956557569865,711200,UFPI,"UFP Industries, Inc. - Common Stock"
2021-06-28,69.26331329345703,69.79669180959225,68.79660709183871,69.5109564331215,242000,UFPI,"UFP Industries, Inc. - Common Stock"
2021-06-29,69.89192199707031,70.43482708974054,69.29187129466713,69.49188819546819,203300,UFPI,"UFP Industries, Inc. - Common Stock"
2021-06-30,70.80630493164062,71.0539480772918,69.50143142073094,69.85383912023795,248000,UFPI,"UFP Industries, Inc. - Common Stock"
2021-07-01,71.13013458251953,71.5301684089712,70.53008384284202,71.17776077141261,331300,UFPI,"UFP Industries, Inc. - Common Stock"
2021-07-02,70.22528839111328,71.33967134364752,70.10146321856361,71.33967134364752,220300,UFPI,"UFP Industries, Inc. - Common Stock"
2021-07-06,68.6156234741211,70.2443387965827,67.62505836687961,70.04432189032278,274700,UFPI,"UFP Industries, Inc. - Common Stock"
2021-07-07,69.89192199707031,70.4253076659422,68.34893240039477,68.34893240039477,290800,UFPI,"UFP Industries, Inc. - Common Stock"
2021-07-08,68.39655303955078,69.5014166337432,67.34884232326425,68.59656994538163,268300,UFPI,"UFP Industries, Inc. - Common Stock"
2021-07-09,69.97765350341797,70.42531352821838,69.12043295238912,69.14900575963402,212700,UFPI,"UFP Industries, Inc. - Common Stock"
2021-07-12,70.87296295166016,71.03488034631883,69.44426466923251,69.97764303598355,214600,UFPI,"UFP Industries, Inc. - Common Stock"
2021-07-13,69.29188537597656,71.08251842327537,69.2633125653036,70.93012767744048,168200,UFPI,"UFP Industries, Inc. - Common Stock"
2021-07-14,68.4632568359375,69.96815493407432,68.23466701936584,69.42524957800461,142000,UFPI,"UFP Industries, Inc. - Common Stock"
2021-07-15,67.8250732421875,68.68229371958711,67.41551275113744,67.8060271279056,300500,UFPI,"UFP Industries, Inc. - Common Stock"
2021-07-16,66.29161071777344,68.19654210200105,66.14873941060905,68.18701541039367,312600,UFPI,"UFP Industries, Inc. - Common Stock"
2021-07-19,65.9963607788086,66.49163983215162,64.59623479201456,65.60584628540873,442800,UFPI,"UFP Industries, Inc. - Common Stock"
2021-07-20,67.98699951171875,68.74897498358847,65.81537886364772,66.42495633444882,342000,UFPI,"UFP Industries, Inc. - Common Stock"
2021-07-21,69.23472595214844,69.4156894725798,68.06319008095123,68.07271677152207,374300,UFPI,"UFP Industries, Inc. - Common Stock"
2021-07-22,69.45379638671875,70.56817950025767,67.06311273632053,69.41569688710162,620200,UFPI,"UFP Industries, Inc. - Common Stock"
2021-07-23,69.31092071533203,70.20624073311487,69.12995718696662,69.72048122700545,317100,UFPI,"UFP Industries, Inc. - Common Stock"
2021-07-26,70.06336212158203,70.20623340455172,69.13946939401139,69.50141094643264,330700,UFPI,"UFP Industries, Inc. - Common Stock"
2021-07-27,69.77764129638672,70.65390802248679,69.05376530812558,69.53952486428973,246300,UFPI,"UFP Industries, Inc. - Common Stock"
2021-07-28,69.55854034423828,70.36813440343269,68.7870457694068,69.77761056264161,268100,UFPI,"UFP Industries, Inc. - Common Stock"
2021-07-29,70.70152282714844,71.08250324374663,69.92050134634509,69.9490741509164,279500,UFPI,"UFP Industries, Inc. - Common Stock"
2021-07-30,70.7301025390625,71.27300767914303,70.21577020634362,70.9015466499688,268200,UFPI,"UFP Industries, Inc. - Common Stock"
2021-08-02,69.54903411865234,71.96829758697234,69.5299880042341,70.82534178674773,236500,UFPI,"UFP Industries, Inc. - Common Stock"
2021-08-03,70.58723449707031,70.6253339975584,69.52999697542019,69.62524209327206,295600,UFPI,"UFP Industries, Inc. - Common Stock"
2021-08-04,70.14910125732422,71.12061308779518,69.89193144528943,69.90145813711133,145900,UFPI,"UFP Industries, Inc. - Common Stock"
2021-08-05,69.77764129638672,70.74915314197821,69.45379917003167,70.29197366172463,177100,UFPI,"UFP Industries, Inc. - Common Stock"
2021-08-06,69.98716735839844,70.93963284779738,69.66332531330059,70.39672780950939,133500,UFPI,"UFP Industries, Inc. - Common Stock"
2021-08-09,69.12042999267578,69.93955101005817,69.07280380481605,69.81573309505329,155100,UFPI,"UFP Industries, Inc. - Common Stock"
2021-08-10,70.46340942382812,70.73961805756323,69.0347110007449,69.05375711568887,129400,UFPI,"UFP Industries, Inc. - Common Stock"
2021-08-11,72.31118774414062,72.38738673735446,70.07289500231961,70.53008169486672,185900,UFPI,"UFP Industries, Inc. - Common Stock"
2021-08-12,71.873046875,73.34937132963819,71.4920592157319,72.60644939076975,220600,UFPI,"UFP Industries, Inc. - Common Stock"
2021-08-13,71.81591796875,72.54931338832026,71.66351996291172,72.42549545862931,170200,UFPI,"UFP Industries, Inc. - Common Stock"
2021-08-16,71.35871887207031,71.81590554374955,70.6253235793861,71.45396397587226,138100,UFPI,"UFP Industries, Inc. - Common Stock"
2021-08-17,70.52056121826172,71.15871149250519,69.05376316995363,70.65390583476822,176600,UFPI,"UFP Industries, Inc. - Common Stock"
2021-08-18,69.79669189453125,71.47303371880132,69.73001957993321,70.38722330006908,225400,UFPI,"UFP Industries, Inc. - Common Stock"
2021-08-19,69.48236846923828,69.64429315760444,68.31083975187461,68.87279101520232,275900,UFPI,"UFP Industries, Inc. - Common Stock"
2021-08-20,70.23482513427734,70.80630315341942,69.33951223542509,69.4633301717724,207100,UFPI,"UFP Industries, Inc. - Common Stock"
2021-08-23,70.43482971191406,70.85391691018626,69.64428876981334,70.69199949875781,161400,UFPI,"UFP Industries, Inc. - Common Stock"
2021-08-24,71.25395202636719,71.6825659233461,70.29196696440249,70.45388437878434,122100,UFPI,"UFP Industries, Inc. - Common Stock"
2021-08-25,72.83505249023438,72.99696991354708,71.26348264810103,71.273009339689,166800,UFPI,"UFP Industries, Inc. - Common Stock"
2021-08-26,71.99687194824219,73.16840784552157,71.97782583341224,72.9302914430997,123000,UFPI,"UFP Industries, Inc. - Common Stock"
2021-08-27,74.43518829345703,74.75902311029442,72.073070401743,72.073070401743,287900,UFPI,"UFP Industries, Inc. - Common Stock"
2021-08-30,74.4542465209961,74.79713477504076,73.882768519834,74.47329990551916,155400,UFPI,"UFP Industries, Inc. - Common Stock"
2021-08-31,71.64860534667969,74.54012347992736,71.4482038927692,74.54012347992736,235900,UFPI,"UFP Industries, Inc. - Common Stock"
2021-09-01,71.19053649902344,71.849003590097,70.51298667635209,71.77265810229297,179200,UFPI,"UFP Industries, Inc. - Common Stock"
2021-09-02,70.93289184570312,71.77267051465957,70.58934437187828,71.53409628454274,213600,UFPI,"UFP Industries, Inc. - Common Stock"
2021-09-03,70.22669982910156,70.84699422124645,69.83544191697469,70.63704775491676,182300,UFPI,"UFP Industries, Inc. - Common Stock"
2021-09-07,69.1865234375,70.18853806853295,69.15789569616318,70.12173757851124,184400,UFPI,"UFP Industries, Inc. - Common Stock"
2021-09-08,68.53760528564453,69.47281948143298,67.59285336265674,68.78572452627539,176500,UFPI,"UFP Industries, Inc. - Common Stock"
2021-09-09,68.45171356201172,69.33920988883746,68.27993984453877,69.14834615791925,168400,UFPI,"UFP Industries, Inc. - Common Stock"
2021-09-10,67.04890441894531,69.1197270121014,67.02027667592502,68.59486078770341,161100,UFPI,"UFP Industries, Inc. - Common Stock"
2021-09-13,67.75507354736328,68.97657229992377,67.3828983737146,67.8695917856809,165400,UFPI,"UFP Industries, Inc. - Common Stock"
2021-09-14,66.07551574707031,68.22268378603268,65.81785878590617,67.82188083279618,201500,UFPI,"UFP Industries, Inc. - Common Stock"
2021-09-15,67.28748321533203,67.44016694869825,65.85603772157086,65.85603772157086,272100,UFPI,"UFP Industries, Inc. - Common Stock"
2021-09-16,66.88666534423828,67.21113007192754,66.53358015554718,67.1061568318552,185800,UFPI,"UFP Industries, Inc. - Common Stock"
2021-09-17,66.47631072998047,67.13477049331686,66.19001881151704,67.05842501096583,916200,UFPI,"UFP Industries, Inc. - Common Stock"
2021-09-20,65.6651611328125,65.82739712376704,64.58680835911647,65.05441175718028,209900,UFPI,"UFP Industries, Inc. - Common Stock"
2021-09-21,64.81585693359375,66.05644606915848,64.41505390113464,65.89421731040727,151700,UFPI,"UFP Industries, Inc. - Common Stock"
2021-09-22,65.79875183105469,66.48584659154704,64.66314375590744,65.25480302578252,127400,UFPI,"UFP Industries, Inc. - Common Stock"
2021-09-23,66.1423110961914,67.16340841520464,65.52202397995612,65.92282690202703,206200,UFPI,"UFP Industries, Inc. - Common Stock"
2021-09-24,65.39796447753906,66.13277715745942,64.77767004507196,65.57928321582986,159200,UFPI,"UFP Industries, Inc. - Common Stock"
2021-09-27,66.82939910888672,67.23020198974791,65.3979540080628,65.3979540080628,198900,UFPI,"UFP Industries, Inc. - Common Stock"
2021-09-28,66.40950775146484,67.21112081242589,65.95144938580691,66.75305516606151,202000,UFPI,"UFP Industries, Inc. - Common Stock"
2021-09-29,66.92485046386719,67.3351984925334,66.22821768448357,66.44770193196271,137900,UFPI,"UFP Industries, Inc. - Common Stock"
2021-09-30,64.87310028076172,67.67872794840294,64.52000784036947,67.38289826743261,177200,UFPI,"UFP Industries, Inc. - Common Stock"
2021-10-01,65.39796447753906,66.48586234586892,64.50092307425719,65.20710801249109,246300,UFPI,"UFP Industries, Inc. - Common Stock"
2021-10-04,65.53155517578125,66.15184951090967,64.7013216743274,65.23572551716724,281300,UFPI,"UFP Industries, Inc. - Common Stock"
2021-10-05,66.62899780273438,66.8103165123635,65.19755269902564,65.68424607288438,154800,UFPI,"UFP Industries, Inc. - Common Stock"
2021-10-06,67.43062591552734,67.66920015279308,65.77968899013696,65.95146273219662,211800,UFPI,"UFP Industries, Inc. - Common Stock"
2021-10-07,69.4632797241211,70.14082972258625,67.98411645714376,68.19406296272334,284800,UFPI,"UFP Industries, Inc. - Common Stock"
2021-10-08,68.84297943115234,69.7591036033929,68.74755119500999,69.57779213893474,144200,UFPI,"UFP Industries, Inc. - Common Stock"
2021-10-11,69.10064697265625,69.94997069202732,68.65212623262045,68.93841095469934,89000,UFPI,"UFP Industries, Inc. - Common Stock"
2021-10-12,69.64460754394531,70.07403833888543,68.91933968870202,69.38694324241382,210900,UFPI,"UFP Industries, Inc. - Common Stock"
2021-10-13,70.42710876464844,70.83745669160189,69.00520124991034,69.90224259736833,126500,UFPI,"UFP Industries, Inc. - Common Stock"
2021-10-14,71.76310729980469,71.81082504600465,70.91378383852768,70.91378383852768,141600,UFPI,"UFP Industries, Inc. - Common Stock"
2021-10-15,71.7249526977539,73.10868017855749,71.61997946478735,72.82238821942924,241900,UFPI,"UFP Industries, Inc. - Common Stock"
2021-10-18,71.75359344482422,72.2879974326515,71.25735492980608,71.25735492980608,111700,UFPI,"UFP Industries, Inc. - Common Stock"
2021-10-19,70.92334747314453,72.25936462990667,70.72294599173638,72.09713589934404,111300,UFPI,"UFP Industries, Inc. - Common Stock"
2021-10-20,73.03234100341797,73.24228748751364,70.62751600538488,70.68477148988094,152000,UFPI,"UFP Industries, Inc. - Common Stock"
2021-10-21,78.22370910644531,78.22370910644531,70.74201848063869,72.88918625992926,516600,UFPI,"UFP Industries, Inc. - Common Stock"
2021-10-22,77.68931579589844,80.62854477782368,77.2885055559338,78.7294959445473,283200,UFPI,"UFP Industries, Inc. - Common Stock"
2021-10-25,80.1990966796875,80.5330990732857,77.67975393839522,77.88970038028727,227000,UFPI,"UFP Industries, Inc. - Common Stock"
2021-10-26,79.47383880615234,80.3804251627191,78.8726344245439,80.34225241584932,230400,UFPI,"UFP Industries, Inc. - Common Stock"
2021-10-27,77.13582611083984,80.64763926434169,76.97359737272433,79.4356780308714,206300,UFPI,"UFP Industries, Inc. - Common Stock"
2021-10-28,78.7390365600586,79.22572272027566,77.53662046865435,77.85154018223524,153300,UFPI,"UFP Industries, Inc. - Common Stock"
2021-10-29,78.09011840820312,79.18756131808972,77.58434220747732,78.40503813795198,147600,UFPI,"UFP Industries, Inc. - Common Stock"
2021-11-01,79.0157699584961,79.0157699584961,77.67975311751552,78.71039530461819,198300,UFPI,"UFP Industries, Inc. - Common Stock"
2021-11-02,79.46429443359375,79.75058639704905,77.83244771559552,79.0921192495261,144200,UFPI,"UFP Industries, Inc. - Common Stock"
2021-11-03,81.35382080078125,81.93594256433443,79.03487875534883,79.52157227322459,208700,UFPI,"UFP Industries, Inc. - Common Stock"
2021-11-04,81.06751251220703,82.57530324569436,80.85757332613642,81.87867063943085,223900,UFPI,"UFP Industries, Inc. - Common Stock"
2021-11-05,83.3292007446289,83.82543190367669,82.10770194016624,82.10770194016624,207100,UFPI,"UFP Industries, Inc. - Common Stock"
2021-11-08,83.75862884521484,84.41709598207788,82.8902225233513,83.72046337936526,185300,UFPI,"UFP Industries, Inc. - Common Stock"
2021-11-09,84.33122253417969,85.13282846262682,83.72047307992248,83.97813004814971,166700,UFPI,"UFP Industries, Inc. - Common Stock"
2021-11-10,83.60594940185547,85.02784970021557,82.96657224602927,84.0640078224714,127900,UFPI,"UFP Industries, Inc. - Common Stock"
2021-11-11,84.31212615966797,84.64612860466441,78.37639852310416,83.79680498137034,136000,UFPI,"UFP Industries, Inc. - Common Stock"
2021-11-12,84.38846588134766,84.98013251536007,79.28297948373871,84.80835880101496,135300,UFPI,"UFP Industries, Inc. - Common Stock"
2021-11-15,84.24531555175781,84.91332764222139,80.83847646058331,84.37891651370924,152700,UFPI,"UFP Industries, Inc. - Common Stock"
2021-11-16,85.56224822998047,85.7626496694164,81.54465259325379,84.12125813037207,213400,UFPI,"UFP Industries, Inc. - Common Stock"
2021-11-17,86.23979949951172,86.31613770580391,84.83698211891503,85.67676063378022,272800,UFPI,"UFP Industries, Inc. - Common Stock"
2021-11-18,85.73404693603516,86.86011779169267,85.0946696341108,86.52611526685972,202800,UFPI,"UFP Industries, Inc. - Common Stock"
2021-11-19,85.17098999023438,86.60243520015428,84.8942430426317,85.4668196704583,261000,UFPI,"UFP Industries, Inc. - Common Stock"
2021-11-22,86.06804656982422,87.89075000747718,85.34277882968034,85.68632632339543,150800,UFPI,"UFP Industries, Inc. - Common Stock"
2021-11-23,87.33724212646484,87.87165329877027,85.41911075238886,85.94396963714964,178500,UFPI,"UFP Industries, Inc. - Common Stock"
2021-11-24,87.01278686523438,87.65216400582895,86.32569196997154,86.87918588901185,90700,UFPI,"UFP Industries, Inc. - Common Stock"
2021-11-26,82.98565673828125,85.38094397244092,81.91684159968513,84.73202179556247,172200,UFPI,"UFP Industries, Inc. - Common Stock"
2021-11-29,82.54666900634766,84.37891702189359,82.29854981235506,84.06399734652294,193900,UFPI,"UFP Industries, Inc. - Common Stock"
2021-11-30,79.65803527832031,81.59974657450704,79.27543037766121,81.59974657450704,350500,UFPI,"UFP Industries, Inc. - Common Stock"
2021-12-01,80.05974578857422,83.34056971329805,80.05974578857422,81.61885906587577,248000,UFPI,"UFP Industries, Inc. - Common Stock"
2021-12-02,83.52230834960938,83.91448027369148,80.72930573509608,80.72930573509608,259300,UFPI,"UFP Industries, Inc. - Common Stock"
2021-12-03,84.86143493652344,85.0527337166997,83.01537324725776,84.20144173902814,225500,UFPI,"UFP Industries, Inc. - Common Stock"
2021-12-06,86.84140014648438,87.40573661026954,85.43533160440258,85.8466305160484,294300,UFPI,"UFP Industries, Inc. - Common Stock"
2021-12-07,87.9509506225586,89.04136969114381,87.09009884031376,87.84573410738103,235000,UFPI,"UFP Industries, Inc. - Common Stock"
2021-12-08,87.58748626708984,88.24747949153391,86.35358938110274,88.24747949153391,178200,UFPI,"UFP Industries, Inc. - Common Stock"
2021-12-09,86.3631591796875,87.40575001233789,86.10489778058135,86.84141346202208,165400,UFPI,"UFP Industries, Inc. - Common Stock"
2021-12-10,86.66921997070312,87.34834000620314,85.77009980936931,87.0135635517425,189900,UFPI,"UFP Industries, Inc. - Common Stock"
2021-12-13,83.16841888427734,86.80315444106238,82.79538111841978,86.67881095163699,354700,UFPI,"UFP Industries, Inc. - Common Stock"
2021-12-14,82.642333984375,83.59884246267198,81.90581836944122,82.79537154616064,338000,UFPI,"UFP Industries, Inc. - Common Stock"
2021-12-15,83.83795928955078,84.1631686294075,81.77189772723878,82.5466744618956,463600,UFPI,"UFP Industries, Inc. - Common Stock"
2021-12-16,83.42666625976562,84.95707828508615,82.87188962009313,84.34491347495793,278700,UFPI,"UFP Industries, Inc. - Common Stock"
2021-12-17,79.31367492675781,83.809268793818,77.68761356271092,83.809268793818,1933300,UFPI,"UFP Industries, Inc. - Common Stock"
2021-12-20,79.12237548828125,79.52410726218461,75.71720794220145,78.00326241915906,804200,UFPI,"UFP Industries, Inc. - Common Stock"
2021-12-21,81.7623519897461,82.35538260524262,79.55281233297072,79.86846189787876,396800,UFPI,"UFP Industries, Inc. - Common Stock"
2021-12-22,83.16841888427734,83.42668028992112,78.81630918341203,79.89716126171965,283800,UFPI,"UFP Industries, Inc. - Common Stock"
2021-12-23,83.91448211669922,84.5362067162138,83.64665364439084,84.096213743791,143100,UFPI,"UFP Industries, Inc. - Common Stock"
2021-12-27,86.04747772216797,86.04747772216797,83.90490137443565,84.65097661085093,209900,UFPI,"UFP Industries, Inc. - Common Stock"
2021-12-28,87.44400024414062,87.85529916717587,85.79880455199964,86.11445409010163,211600,UFPI,"UFP Industries, Inc. - Common Stock"
2021-12-29,89.33789825439453,89.47180886492727,87.15705997134022,87.75965771873756,226900,UFPI,"UFP Industries, Inc. - Common Stock"
2021-12-30,87.09966278076172,89.36659058167612,86.89879686892083,89.22311284533811,226600,UFPI,"UFP Industries, Inc. - Common Stock"
2021-12-31,88.00836181640625,88.5440043184035,86.64055417230746,87.13793545307894,148700,UFPI,"UFP Industries, Inc. - Common Stock"
2022-01-03,86.68833923339844,88.85961702657896,86.03791333777512,88.57266163531797,295100,UFPI,"UFP Industries, Inc. - Common Stock"
2022-01-04,89.22310638427734,90.05527135671225,87.52052252356296,87.52052252356296,326500,UFPI,"UFP Industries, Inc. - Common Stock"
2022-01-05,87.23355865478516,90.67699455497318,87.02313294762217,89.20397081935486,292200,UFPI,"UFP Industries, Inc. - Common Stock"
2022-01-06,87.5492172241211,88.58224810110656,86.72661937366011,87.13791829889061,225600,UFPI,"UFP Industries, Inc. - Common Stock"
2022-01-07,84.21101379394531,88.38139166447951,84.15362561605116,87.4535772014248,260200,UFPI,"UFP Industries, Inc. - Common Stock"
2022-01-10,84.80403900146484,84.82316595869986,82.15450662324326,83.35970926129012,277600,UFPI,"UFP Industries, Inc. - Common Stock"
2022-01-11,85.5596694946289,86.08575200927298,83.30230919146827,84.6127282658492,262400,UFPI,"UFP Industries, Inc. - Common Stock"
2022-01-12,86.2005386352539,87.36747273975101,85.56923959573822,86.04749379019076,314200,UFPI,"UFP Industries, Inc. - Common Stock"
2022-01-13,86.61184692382812,88.08486358055886,86.25793615443763,87.20487751878758,201400,UFPI,"UFP Industries, Inc. - Common Stock"
2022-01-14,84.74665069580078,86.2675029885896,83.5031940382102,85.03360616163434,205700,UFPI,"UFP Industries, Inc. - Common Stock"
2022-01-18,81.2745361328125,83.79015109963959,81.1406255138989,83.33103106267336,270700,UFPI,"UFP Industries, Inc. - Common Stock"
2022-01-19,80.0406265258789,82.66145760733049,79.8493277569713,81.69538933749274,262800,UFPI,"UFP Industries, Inc. - Common Stock"
2022-01-20,78.16587829589844,81.52322528195583,78.11804995033137,80.64323188755614,292400,UFPI,"UFP Industries, Inc. - Common Stock"
2022-01-21,76.7597885131836,80.03104503858818,76.61631081345625,77.47716971424138,345100,UFPI,"UFP Industries, Inc. - Common Stock"
2022-01-24,79.27542877197266,79.50499608626724,74.28246009615779,74.28246009615779,409700,UFPI,"UFP Industries, Inc. - Common Stock"
2022-01-25,77.30500030517578,78.59628504717017,75.3441553764434,77.50586617192343,292400,UFPI,"UFP Industries, Inc. - Common Stock"
2022-01-26,76.22415161132812,79.275408240024,75.11459843901729,78.4719447408302,308700,UFPI,"UFP Industries, Inc. - Common Stock"
2022-01-27,75.0859146118164,78.30935077068833,74.23462266053346,77.00849867258799,246800,UFPI,"UFP Industries, Inc. - Common Stock"
2022-01-28,76.28153991699219,76.43458475383308,73.1824549467589,75.21024795184437,198300,UFPI,"UFP Industries, Inc. - Common Stock"
2022-01-31,76.38676452636719,76.69284693496009,74.29200870962124,76.1667643744503,434200,UFPI,"UFP Industries, Inc. - Common Stock"
2022-02-01,77.26675415039062,79.39020415194716,74.86591581283447,76.99893294255116,222100,UFPI,"UFP Industries, Inc. - Common Stock"
2022-02-02,77.14241027832031,78.00326936879642,76.21459588622832,77.64935860449498,230000,UFPI,"UFP Industries, Inc. - Common Stock"
2022-02-03,76.0232925415039,77.04675626046769,75.61199362841116,76.98936079283095,185400,UFPI,"UFP Industries, Inc. - Common Stock"
2022-02-04,73.96680450439453,75.5641719576495,72.81898991889443,75.47808969496691,254200,UFPI,"UFP Industries, Inc. - Common Stock"
2022-02-07,73.41201782226562,74.65548162949226,73.33549540080372,74.18678727122297,234300,UFPI,"UFP Industries, Inc. - Common Stock"
2022-02-08,75.05722045898438,75.53547469175723,72.9815988401695,73.50767411767137,167600,UFPI,"UFP Industries, Inc. - Common Stock"
2022-02-09,76.38676452636719,76.82675753262072,75.49721138614716,75.73633849590973,299500,UFPI,"UFP Industries, Inc. - Common Stock"
2022-02-10,73.49810791015625,75.74590867040364,73.06768201430238,75.21982608873286,328200,UFPI,"UFP Industries, Inc. - Common Stock"
2022-02-11,72.9815902709961,74.67460684529013,71.61378303396435,74.18678554181709,352700,UFPI,"UFP Industries, Inc. - Common Stock"
2022-02-14,73.21115112304688,73.88070405942571,72.34072500817469,73.00071811516219,351300,UFPI,"UFP Industries, Inc. - Common Stock"
2022-02-15,75.24852752685547,75.42069936153347,73.35464464297873,74.20593668733626,338600,UFPI,"UFP Industries, Inc. - Common Stock"
2022-02-16,76.04241943359375,76.4154571338012,74.48331333522879,75.21982160811577,382600,UFPI,"UFP Industries, Inc. - Common Stock"
2022-02-17,80.64323425292969,84.17275316994068,80.41367424215258,82.2501689235318,755600,UFPI,"UFP Industries, Inc. - Common Stock"
2022-02-18,81.25540161132812,82.00148443975066,79.14151850808442,80.01194482578668,599300,UFPI,"UFP Industries, Inc. - Common Stock"
2022-02-22,79.41889190673828,81.76234188365025,78.76846589773814,81.03539345063128,346500,UFPI,"UFP Industries, Inc. - Common Stock"
2022-02-23,77.8980484008789,80.71017820562928,77.72587659262234,80.59540186517833,407200,UFPI,"UFP Industries, Inc. - Common Stock"
2022-02-24,79.26583862304688,79.55278670979206,74.56937977159131,75.5641491936475,353700,UFPI,"UFP Industries, Inc. - Common Stock"
2022-02-25,80.85365295410156,81.26495185327244,78.74933741734537,79.52410687720545,312000,UFPI,"UFP Industries, Inc. - Common Stock"
2022-02-28,82.21511840820312,82.54109904001693,80.18250876580129,80.18250876580129,314100,UFPI,"UFP Industries, Inc. - Common Stock"
2022-03-01,79.88529205322266,82.62739460803726,79.28126523173493,81.75490410655655,295800,UFPI,"UFP Industries, Inc. - Common Stock"
2022-03-02,83.6053466796875,84.1997910189587,80.17293077583463,80.17293077583463,262600,UFPI,"UFP Industries, Inc. - Common Stock"
2022-03-03,82.02337646484375,84.64083361644524,81.66862633634214,84.17103492780437,264900,UFPI,"UFP Industries, Inc. - Common Stock"
2022-03-04,80.88243103027344,82.15760623880962,80.29757645537754,81.22759134709358,379700,UFPI,"UFP Industries, Inc. - Common Stock"
2022-03-07,78.92652130126953,81.98502223149465,78.63888527912681,80.97830346888306,287000,UFPI,"UFP Industries, Inc. - Common Stock"
2022-03-08,79.07992553710938,81.08376583835165,78.61011956796436,78.78269971043062,310900,UFPI,"UFP Industries, Inc. - Common Stock"
2022-03-09,81.24674987792969,81.57273781731966,79.59765249191301,80.35508709664798,289800,UFPI,"UFP Industries, Inc. - Common Stock"
2022-03-10,81.19881439208984,81.45768092503161,79.37713690009463,79.81817337670199,320600,UFPI,"UFP Industries, Inc. - Common Stock"
2022-03-11,80.78654479980469,81.99459844439676,80.37427043430148,81.6206760332296,212000,UFPI,"UFP Industries, Inc. - Common Stock"
2022-03-14,79.71272277832031,81.47687634137017,78.93611571417185,80.98789800121935,187500,UFPI,"UFP Industries, Inc. - Common Stock"
2022-03-15,82.12884521484375,82.37812197991215,79.97159686283209,80.34551932532304,378200,UFPI,"UFP Industries, Inc. - Common Stock"
2022-03-16,83.95050811767578,84.17103003660829,81.3234613004249,82.66575050485763,299300,UFPI,"UFP Industries, Inc. - Common Stock"
2022-03-17,85.08185577392578,85.14896986095107,83.30812006121154,83.78750848707413,187900,UFPI,"UFP Industries, Inc. - Common Stock"
2022-03-18,84.69835662841797,85.84889341680149,83.31772272320093,85.49414329361117,436000,UFPI,"UFP Industries, Inc. - Common Stock"
2022-03-21,84.08472442626953,86.52001843375547,83.42317339271817,84.84215899400185,249900,UFPI,"UFP Industries, Inc. - Common Stock"
2022-03-22,82.47398376464844,85.00516145035063,81.92748123719714,84.08472921106598,267400,UFPI,"UFP Industries, Inc. - Common Stock"
2022-03-23,80.32633209228516,82.20553404566154,80.0578757153582,81.93707766873457,295800,UFPI,"UFP Industries, Inc. - Common Stock"
2022-03-24,77.0185546875,80.88242465262981,76.56792834746771,80.81531055825613,401300,UFPI,"UFP Industries, Inc. - Common Stock"
2022-03-25,76.74050903320312,77.78557241222948,76.22276859514767,77.54587817136424,320700,UFPI,"UFP Industries, Inc. - Common Stock"
2022-03-28,77.61299133300781,77.91979966503081,76.3665856844277,76.51040369019516,198600,UFPI,"UFP Industries, Inc. - Common Stock"
2022-03-29,79.20455169677734,80.13456635920903,77.94855643487573,78.39917538445714,287900,UFPI,"UFP Industries, Inc. - Common Stock"
2022-03-30,76.3665771484375,79.28125963430676,76.23234897536148,78.98403383830686,238300,UFPI,"UFP Industries, Inc. - Common Stock"
2022-03-31,73.97924041748047,76.94185797995475,73.85459471990963,76.54875587975187,385300,UFPI,"UFP Industries, Inc. - Common Stock"
2022-04-01,75.16809844970703,75.60913487566937,73.94086538357077,74.24767365010483,386100,UFPI,"UFP Industries, Inc. - Common Stock"
2022-04-04,75.58995819091797,76.28027864625014,74.57365713994915,75.15851156377855,386400,UFPI,"UFP Industries, Inc. - Common Stock"
2022-04-05,72.56022644042969,76.22275341903834,72.47393272715784,75.3215009120622,355000,UFPI,"UFP Industries, Inc. - Common Stock"
2022-04-06,71.37136840820312,72.86705831710567,71.31383680909167,72.2630313881001,461500,UFPI,"UFP Industries, Inc. - Common Stock"
2022-04-07,72.05207061767578,72.80950509003574,70.78648566364177,71.20834243839596,522900,UFPI,"UFP Industries, Inc. - Common Stock"
2022-04-08,71.85073852539062,73.25055183001088,71.7356826715596,72.06167059997077,426100,UFPI,"UFP Industries, Inc. - Common Stock"
2022-04-11,73.0492172241211,73.77788243005402,70.36463887260629,71.38094008580421,475400,UFPI,"UFP Industries, Inc. - Common Stock"
2022-04-12,74.20933532714844,76.54874604590067,73.77788132272661,74.05592750827292,455800,UFPI,"UFP Industries, Inc. - Common Stock"
2022-04-13,75.33109283447266,75.82965355159877,73.83540336820786,74.4106679848569,377000,UFPI,"UFP Industries, Inc. - Common Stock"
2022-04-14,70.2208251953125,75.72421042349528,69.5592740416646,74.84213002715143,598700,UFPI,"UFP Industries, Inc. - Common Stock"
2022-04-18,69.88524627685547,70.94948920004714,69.35791606630568,69.92359822988519,325600,UFPI,"UFP Industries, Inc. - Common Stock"
2022-04-19,72.71363830566406,73.00127430842603,70.4029897257226,70.4029897257226,379400,UFPI,"UFP Industries, Inc. - Common Stock"
2022-04-20,74.6695556640625,74.8900776089669,73.61490234882802,73.61490234882802,274700,UFPI,"UFP Industries, Inc. - Common Stock"
2022-04-21,73.8258285522461,76.04060106804933,73.25056381871268,75.19687994652618,419500,UFPI,"UFP Industries, Inc. - Common Stock"
2022-04-22,74.7078857421875,77.2102937499805,73.1163200740819,75.89677422883926,543000,UFPI,"UFP Industries, Inc. - Common Stock"
2022-04-25,77.50753021240234,77.64176572390663,72.10002844478767,74.7846070068876,621600,UFPI,"UFP Industries, Inc. - Common Stock"
2022-04-26,75.64749908447266,78.00608938728034,75.54203303998682,76.55833421606428,386400,UFPI,"UFP Industries, Inc. - Common Stock"
2022-04-27,74.21891784667969,76.71173613919116,73.7874638846823,75.62831364085507,369000,UFPI,"UFP Industries, Inc. - Common Stock"
2022-04-28,75.8392562866211,76.5775186442375,73.77788435383778,74.61202294474667,219400,UFPI,"UFP Industries, Inc. - Common Stock"
2022-04-29,74.18058013916016,76.19401040375371,73.912116430978,74.9475973607306,302000,UFPI,"UFP Industries, Inc. - Common Stock"
2022-05-02,74.9571762084961,75.90636326440475,73.21220259258634,74.5161397247922,259100,UFPI,"UFP Industries, Inc. - Common Stock"
2022-05-03,76.37617492675781,76.60627934531973,73.72994851118924,74.66954582066815,202300,UFPI,"UFP Industries, Inc. - Common Stock"
2022-05-04,79.7223129272461,79.9524173703753,76.02143294034636,76.94185802775155,258000,UFPI,"UFP Industries, Inc. - Common Stock"
2022-05-05,75.50369262695312,78.36085145221284,74.64079181966741,78.36085145221284,381200,UFPI,"UFP Industries, Inc. - Common Stock"
2022-05-06,75.25440979003906,79.07034572761239,73.63408152417635,75.08182962572894,303500,UFPI,"UFP Industries, Inc. - Common Stock"
2022-05-09,76.05978393554688,77.05691292964725,73.72995544810279,73.82583168861684,433500,UFPI,"UFP Industries, Inc. - Common Stock"
2022-05-10,73.95045471191406,77.32535327026751,73.66282605010603,77.32535327026751,378700,UFPI,"UFP Industries, Inc. - Common Stock"
2022-05-11,72.09044647216797,75.1297678698938,71.80281044022227,74.0271728339528,286200,UFPI,"UFP Industries, Inc. - Common Stock"
2022-05-12,74.48739624023438,74.60244481225084,71.34260848037768,71.7740552552171,273800,UFPI,"UFP Industries, Inc. - Common Stock"
2022-05-13,75.1105728149414,76.29946134237396,74.30520379463546,74.93800000906441,284200,UFPI,"UFP Industries, Inc. - Common Stock"
2022-05-16,74.69831848144531,75.58039155288641,73.11633499175751,74.69831848144531,168800,UFPI,"UFP Industries, Inc. - Common Stock"
2022-05-17,76.77885437011719,76.82678882522498,74.98593896965995,75.7146114472371,178800,UFPI,"UFP Industries, Inc. - Common Stock"
2022-05-18,74.3147964477539,76.09812199208856,73.53818221722949,75.03387909256992,401700,UFPI,"UFP Industries, Inc. - Common Stock"
2022-05-19,72.46435546875,74.89005970845461,72.2534233931432,73.81622701213217,211900,UFPI,"UFP Industries, Inc. - Common Stock"
2022-05-20,72.04248809814453,73.14508288007093,70.13452431613125,73.14508288007093,341200,UFPI,"UFP Industries, Inc. - Common Stock"
2022-05-23,72.11920166015625,74.06551765268627,71.7260996087177,72.9629227230345,233700,UFPI,"UFP Industries, Inc. - Common Stock"
2022-05-24,69.59761047363281,72.16713281443339,68.56213699859572,71.77403809587464,281100,UFPI,"UFP Industries, Inc. - Common Stock"
2022-05-25,71.7069320678711,72.28219679975982,69.15658175948428,69.81814022434467,250000,UFPI,"UFP Industries, Inc. - Common Stock"
2022-05-26,73.88333892822266,74.2380889826761,72.11919310203452,72.11919310203452,187900,UFPI,"UFP Industries, Inc. - Common Stock"
2022-05-27,75.64749908447266,75.65708890166789,74.1613919593629,74.1613919593629,169200,UFPI,"UFP Industries, Inc. - Common Stock"
2022-05-31,74.25285339355469,75.99376084404814,73.66613982255829,74.73376567547703,266800,UFPI,"UFP Industries, Inc. - Common Stock"
2022-06-01,74.88766479492188,75.47437839464708,73.62767690279371,74.59911447638379,173600,UFPI,"UFP Industries, Inc. - Common Stock"
2022-06-02,76.21498107910156,76.49391110037487,75.35895775160117,75.35895775160117,217700,UFPI,"UFP Industries, Inc. - Common Stock"
2022-06-03,76.34963989257812,76.75361183217984,75.156979352869,75.40705582250057,189200,UFPI,"UFP Industries, Inc. - Common Stock"
2022-06-06,76.49390411376953,77.4749692490751,76.29192184194518,77.33069410116089,291800,UFPI,"UFP Industries, Inc. - Common Stock"
2022-06-07,78.07129669189453,78.17709797907914,75.31086493936607,75.52246017559634,219100,UFPI,"UFP Industries, Inc. - Common Stock"
2022-06-08,75.6186294555664,77.52303746896972,75.20504471113848,77.35952909837049,173200,UFPI,"UFP Industries, Inc. - Common Stock"
2022-06-09,75.57054138183594,76.55159902245677,74.93574110570191,75.39741269959254,218100,UFPI,"UFP Industries, Inc. - Common Stock"
2022-06-10,71.82906341552734,74.77224442502656,71.7328824204852,74.30095241262234,160700,UFPI,"UFP Industries, Inc. - Common Stock"
2022-06-13,67.7701644897461,71.14617109239335,67.2123044272189,69.90541640358897,292600,UFPI,"UFP Industries, Inc. - Common Stock"
2022-06-14,68.61656188964844,69.078240915987,67.77977920298488,68.04908891079106,250500,UFPI,"UFP Industries, Inc. - Common Stock"
2022-06-15,67.19306182861328,70.03044123894335,66.12543602000287,69.43411473051722,371400,UFPI,"UFP Industries, Inc. - Common Stock"
2022-06-16,63.037986755371094,65.82727963338813,62.53783384139146,65.81765933246635,352500,UFPI,"UFP Industries, Inc. - Common Stock"
2022-06-17,62.64363098144531,63.84591168202829,62.28776059048174,62.98988841026433,496200,UFPI,"UFP Industries, Inc. - Common Stock"
2022-06-21,63.05720901489258,65.51948461326967,62.105004857712444,63.50926768351354,200000,UFPI,"UFP Industries, Inc. - Common Stock"
2022-06-22,63.05720901489258,63.75934409686226,61.68179974868205,61.78760102593965,210200,UFPI,"UFP Industries, Inc. - Common Stock"
2022-06-23,63.11491394042969,63.432310386130176,62.42239926228836,62.9321649731043,297200,UFPI,"UFP Industries, Inc. - Common Stock"
2022-06-24,64.77888488769531,66.30818980679373,63.70164603966553,64.14408447198338,622700,UFPI,"UFP Industries, Inc. - Common Stock"
2022-06-27,65.75031280517578,66.36587979886791,65.08665165898313,65.32710774521091,169700,UFPI,"UFP Industries, Inc. - Common Stock"
2022-06-28,64.79811096191406,66.23122722988766,64.69230969332497,66.07733180716258,186200,UFPI,"UFP Industries, Inc. - Common Stock"
2022-06-29,64.4326171875,64.97124386388892,63.778576274707696,64.97124386388892,137500,UFPI,"UFP Industries, Inc. - Common Stock"
2022-06-30,65.53871154785156,66.3370275307828,63.480407996823736,63.95169988030346,228900,UFPI,"UFP Industries, Inc. - Common Stock"
2022-07-01,66.50056457519531,67.0007175691993,65.12515484889542,65.2598097307871,252000,UFPI,"UFP Industries, Inc. - Common Stock"
2022-07-05,67.96253967285156,67.9721526367936,65.23095359452851,65.43293590941748,335000,UFPI,"UFP Industries, Inc. - Common Stock"
2022-07-06,66.47168731689453,68.24144075570693,65.5675699994232,67.91442396998042,196500,UFPI,"UFP Industries, Inc. - Common Stock"
2022-07-07,67.88558197021484,68.35687396912665,65.96193277188496,67.47199709904835,173300,UFPI,"UFP Industries, Inc. - Common Stock"
2022-07-08,67.95291900634766,68.32803006600699,66.94300009917848,67.81826413047715,151700,UFPI,"UFP Industries, Inc. - Common Stock"
2022-07-11,67.78939819335938,68.2895437355995,67.22191788732984,67.42390016428098,153200,UFPI,"UFP Industries, Inc. - Common Stock"
2022-07-12,68.67427062988281,69.8092238311319,67.80862711399138,67.80862711399138,152300,UFPI,"UFP Industries, Inc. - Common Stock"
2022-07-13,69.48220825195312,69.90541343148276,67.1065002747309,68.33764194807716,182100,UFPI,"UFP Industries, Inc. - Common Stock"
2022-07-14,68.57808685302734,68.86662978780683,67.37580627943387,68.34724369943785,129800,UFPI,"UFP Industries, Inc. - Common Stock"
2022-07-15,69.60723876953125,70.08815099923832,68.27030335799665,69.86692814479223,205000,UFPI,"UFP Industries, Inc. - Common Stock"
2022-07-18,69.55914306640625,70.54020076443868,69.22250598071562,69.81883243589957,183300,UFPI,"UFP Industries, Inc. - Common Stock"
2022-07-19,71.72325134277344,72.0214145840455,70.62677202013722,70.62677202013722,255400,UFPI,"UFP Industries, Inc. - Common Stock"
2022-07-20,72.1849365234375,73.00248593588903,70.1747193671748,71.53089552584846,321100,UFPI,"UFP Industries, Inc. - Common Stock"
2022-07-21,72.76201629638672,73.52185844219417,71.55011551488414,72.55041375728366,317600,UFPI,"UFP Industries, Inc. - Common Stock"
2022-07-22,80.87020111083984,81.74545754011046,74.73375645426252,74.73375645426252,763900,UFPI,"UFP Industries, Inc. - Common Stock"
2022-07-25,84.28468322753906,84.42895837861306,80.90868431835811,81.3415024334411,638800,UFPI,"UFP Industries, Inc. - Common Stock"
2022-07-26,83.4478988647461,85.4484883242398,82.15905016964359,84.20774112937016,513800,UFPI,"UFP Industries, Inc. - Common Stock"
2022-07-27,84.50590515136719,84.71750772547111,82.13981765010664,83.75568318000883,326500,UFPI,"UFP Industries, Inc. - Common Stock"
2022-07-28,86.7854232788086,86.81427683818205,83.9672773491689,84.60207766979961,378400,UFPI,"UFP Industries, Inc. - Common Stock"
2022-07-29,88.6898422241211,88.7475493497945,86.27566051221635,86.78543369550802,366800,UFPI,"UFP Industries, Inc. - Common Stock"
2022-08-01,88.49748229980469,91.16173317687058,87.68954583093559,88.61289655382939,432700,UFPI,"UFP Industries, Inc. - Common Stock"
2022-08-02,86.3237533569336,88.40129790710633,86.29489979453768,88.03579988172096,305300,UFPI,"UFP Industries, Inc. - Common Stock"
2022-08-03,86.29489135742188,87.10282037807126,84.87138793390952,86.48725331334651,226100,UFPI,"UFP Industries, Inc. - Common Stock"
2022-08-04,85.03490447998047,86.5064947374499,84.83291488475207,85.81397994849057,352300,UFPI,"UFP Industries, Inc. - Common Stock"
2022-08-05,85.09261322021484,85.15994064052708,83.39017977524502,84.04422071748036,417800,UFPI,"UFP Industries, Inc. - Common Stock"
2022-08-08,87.10283660888672,87.31443920271698,85.58315926237233,85.95827028302065,312800,UFPI,"UFP Industries, Inc. - Common Stock"
2022-08-09,81.86087799072266,87.07396465076445,81.58194802487921,87.07396465076445,476100,UFPI,"UFP Industries, Inc. - Common Stock"
2022-08-10,84.1981201171875,85.1695649457866,82.93813233288152,83.39018369730286,363300,UFPI,"UFP Industries, Inc. - Common Stock"
2022-08-11,85.90054321289062,86.86236770691251,84.20773738687184,84.84253773709425,172500,UFPI,"UFP Industries, Inc. - Common Stock"
2022-08-12,85.74665832519531,86.50650058454346,84.50590380080192,86.21795029026079,296000,UFPI,"UFP Industries, Inc. - Common Stock"
2022-08-15,86.23719024658203,86.4872593390792,85.23689186217707,85.85245896978955,295400,UFPI,"UFP Industries, Inc. - Common Stock"
2022-08-16,87.05474090576172,87.62221386033208,85.66971122416253,85.9486412204923,256000,UFPI,"UFP Industries, Inc. - Common Stock"
2022-08-17,85.3619155883789,86.13137804443069,84.40971148607164,86.08328388912577,217100,UFPI,"UFP Industries, Inc. - Common Stock"
2022-08-18,86.53534698486328,86.56420054427593,85.41001413894087,85.70817737038914,179000,UFPI,"UFP Industries, Inc. - Common Stock"
2022-08-19,85.63124084472656,86.6411595849892,84.65979596808852,86.24680798644158,220300,UFPI,"UFP Industries, Inc. - Common Stock"
2022-08-22,83.07278442382812,84.71750343265046,82.74576027910973,84.64055571175925,351300,UFPI,"UFP Industries, Inc. - Common Stock"
2022-08-23,82.13981628417969,83.97689731963105,81.30302630181271,83.62102694013679,216500,UFPI,"UFP Industries, Inc. - Common Stock"
2022-08-24,81.80318450927734,82.89004365683166,81.31265191253189,81.48578063266915,194300,UFPI,"UFP Industries, Inc. - Common Stock"
2022-08-25,82.78425598144531,83.29402192510436,81.76472409412722,82.31296390838286,196100,UFPI,"UFP Industries, Inc. - Common Stock"
2022-08-26,79.44670104980469,83.58254927349785,79.33128680793133,82.87080120877104,201500,UFPI,"UFP Industries, Inc. - Common Stock"
2022-08-29,79.27357482910156,80.10074449971998,78.39831833557756,78.89846385500003,252900,UFPI,"UFP Industries, Inc. - Common Stock"
2022-08-30,78.03282165527344,79.87953033407389,77.71542513663451,79.6006003391606,216700,UFPI,"UFP Industries, Inc. - Common Stock"
2022-08-31,76.59527587890625,78.93008415201203,76.27689092507698,78.93008415201203,261900,UFPI,"UFP Industries, Inc. - Common Stock"
2022-09-01,76.09358215332031,76.86541574370926,75.51469775950255,76.21900317954304,248900,UFPI,"UFP Industries, Inc. - Common Stock"
2022-09-02,74.3955307006836,79.0362040012689,73.96137479985131,76.40231112935518,201500,UFPI,"UFP Industries, Inc. - Common Stock"
2022-09-06,72.90974426269531,74.5113115905806,72.50453109328596,74.5113115905806,266400,UFPI,"UFP Industries, Inc. - Common Stock"
2022-09-07,72.70716094970703,73.20885255419918,71.32749983632503,72.94836039357925,455300,UFPI,"UFP Industries, Inc. - Common Stock"
2022-09-08,73.22814178466797,73.61406230986265,70.83544041711839,72.14756578628723,270500,UFPI,"UFP Industries, Inc. - Common Stock"
2022-09-09,75.01301574707031,75.09984400059273,73.32461989424236,73.94208978869656,244600,UFPI,"UFP Industries, Inc. - Common Stock"
2022-09-12,75.6304702758789,76.66280323601015,74.9551150162866,75.70765583720953,271900,UFPI,"UFP Industries, Inc. - Common Stock"
2022-09-13,71.12487030029297,73.69122772966595,70.78719265969396,73.60439949100643,248000,UFPI,"UFP Industries, Inc. - Common Stock"
2022-09-14,70.13111877441406,71.62655018746402,69.3978707582546,71.0476732739989,304300,UFPI,"UFP Industries, Inc. - Common Stock"
2022-09-15,70.8064956665039,72.00284263608646,69.7934552365759,69.7934552365759,304800,UFPI,"UFP Industries, Inc. - Common Stock"
2022-09-16,70.86437225341797,71.30818557356727,69.05055563344597,70.06359593594486,1240200,UFPI,"UFP Industries, Inc. - Common Stock"
2022-09-19,72.72643280029297,73.02552503024062,69.96711136521427,70.32408908961982,238800,UFPI,"UFP Industries, Inc. - Common Stock"
2022-09-20,71.03803253173828,71.76163060842204,69.89957126332303,71.76163060842204,287100,UFPI,"UFP Industries, Inc. - Common Stock"
2022-09-21,71.10558319091797,73.11236405061308,70.98981218493445,71.64587487518779,264400,UFPI,"UFP Industries, Inc. - Common Stock"
2022-09-22,68.98303985595703,70.90298533777079,68.59711927970321,70.52671480014956,234100,UFPI,"UFP Industries, Inc. - Common Stock"
2022-09-23,67.14991760253906,68.79007808838577,66.62892596779874,68.278729130732,261400,UFPI,"UFP Industries, Inc. - Common Stock"
2022-09-26,65.95355224609375,67.48757661130547,65.46150350066992,66.82187139660046,244000,UFPI,"UFP Industries, Inc. - Common Stock"
2022-09-27,66.2912368774414,67.83491144103888,65.40362492347548,66.71575014273857,258900,UFPI,"UFP Industries, Inc. - Common Stock"
2022-09-28,69.79345703125,70.02501376227566,66.57103647977145,66.7929431734656,445800,UFPI,"UFP Industries, Inc. - Common Stock"
2022-09-29,69.4847183227539,69.55225385877517,68.01822924308289,68.56816356806219,337900,UFPI,"UFP Industries, Inc. - Common Stock"
2022-09-30,69.61978912353516,71.36607019266401,69.42682521261283,69.56189626984818,332300,UFPI,"UFP Industries, Inc. - Common Stock"
2022-10-03,72.06072998046875,72.50453596164343,70.26620598308104,71.05733966444824,220000,UFPI,"UFP Industries, Inc. - Common Stock"
2022-10-04,74.10610961914062,74.78147243144478,72.98694810513904,72.98694810513904,232200,UFPI,"UFP Industries, Inc. - Common Stock"
2022-10-05,72.77467346191406,74.18327688491975,72.16685370566451,72.87115173675708,218100,UFPI,"UFP Industries, Inc. - Common Stock"
2022-10-06,72.64925384521484,73.49827298539617,72.13790499310197,72.42734718404732,194200,UFPI,"UFP Industries, Inc. - Common Stock"
2022-10-07,69.97676086425781,72.08966972560705,69.677675997426,71.9160058827452,210100,UFPI,"UFP Industries, Inc. - Common Stock"
2022-10-10,71.90635681152344,72.43699838317083,70.27584667393492,70.6328244003905,163800,UFPI,"UFP Industries, Inc. - Common Stock"
2022-10-11,72.0028305053711,72.72642858746207,70.96085486138354,71.2599397131853,373100,UFPI,"UFP Industries, Inc. - Common Stock"
2022-10-12,70.29515075683594,71.84847541611657,69.67768090777271,71.84847541611657,222300,UFPI,"UFP Industries, Inc. - Common Stock"
2022-10-13,70.3047866821289,70.61352154469235,67.3139089600722,68.85759063370911,337800,UFPI,"UFP Industries, Inc. - Common Stock"
2022-10-14,67.71914672851562,71.40467331120288,67.31392613733034,70.50741123778528,219700,UFPI,"UFP Industries, Inc. - Common Stock"
2022-10-17,69.99604797363281,70.71964595808463,68.93476504111469,69.11807888597133,245200,UFPI,"UFP Industries, Inc. - Common Stock"
2022-10-18,71.63622283935547,72.73609153044751,70.97051013023389,71.70375837790246,211800,UFPI,"UFP Industries, Inc. - Common Stock"
2022-10-19,69.11809539794922,71.34677536701945,68.35590445561127,70.7196628526692,271600,UFPI,"UFP Industries, Inc. - Common Stock"
2022-10-20,67.19813537597656,69.24350100067426,67.09200708101741,68.90582340799487,359700,UFPI,"UFP Industries, Inc. - Common Stock"
2022-10-21,65.86672973632812,70.93191719962417,64.75721837112059,70.25656181551335,753300,UFPI,"UFP Industries, Inc. - Common Stock"
2022-10-24,64.94051361083984,66.84116575356316,64.79579988287236,66.22369597816741,538500,UFPI,"UFP Industries, Inc. - Common Stock"
2022-10-25,67.01483154296875,67.53582306131162,65.34573603794156,65.34573603794156,516400,UFPI,"UFP Industries, Inc. - Common Stock"
2022-10-26,67.62266540527344,69.4557824571652,66.3298400559235,67.37182330994476,282900,UFPI,"UFP Industries, Inc. - Common Stock"
2022-10-27,67.80597686767578,69.52331548676877,67.72879128998531,67.93140527162825,249600,UFPI,"UFP Industries, Inc. - Common Stock"
2022-10-28,69.61014556884766,69.75486667530855,67.45864376687628,67.7287859064986,221800,UFPI,"UFP Industries, Inc. - Common Stock"
2022-10-31,68.72254180908203,69.40754727682827,67.96035076053624,68.68394901868226,292900,UFPI,"UFP Industries, Inc. - Common Stock"
2022-11-01,69.06019592285156,69.7066083792877,67.53581434671472,69.39787352242121,261500,UFPI,"UFP Industries, Inc. - Common Stock"
2022-11-02,66.55175018310547,69.75487832960067,66.53245010658146,69.07951550688742,241000,UFPI,"UFP Industries, Inc. - Common Stock"
2022-11-03,65.36503601074219,66.55174027228165,63.840654068543984,65.36503601074219,226500,UFPI,"UFP Industries, Inc. - Common Stock"
2022-11-04,66.53243255615234,67.14025231151876,65.23960748132903,66.29123318898496,173200,UFPI,"UFP Industries, Inc. - Common Stock"
2022-11-07,67.72879028320312,67.90245415001428,66.27195117026581,67.19815600631806,144300,UFPI,"UFP Industries, Inc. - Common Stock"
2022-11-08,68.7900619506836,69.70661659479913,68.15329209288676,68.5006197678995,181600,UFPI,"UFP Industries, Inc. - Common Stock"
2022-11-09,68.73216247558594,69.20491848597334,67.90243614975391,68.05680726191791,265200,UFPI,"UFP Industries, Inc. - Common Stock"
2022-11-10,75.64978790283203,76.38302882317699,71.85813281216556,71.85813281216556,339400,UFPI,"UFP Industries, Inc. - Common Stock"
2022-11-11,77.23204040527344,77.69513906873865,75.25420264776673,75.70765863632431,269500,UFPI,"UFP Industries, Inc. - Common Stock"
2022-11-14,75.36998748779297,76.71105549755346,74.85863860162989,76.23829939680766,259500,UFPI,"UFP Industries, Inc. - Common Stock"
2022-11-15,76.4891586303711,78.15826184980914,76.26725928679244,76.26725928679244,149900,UFPI,"UFP Industries, Inc. - Common Stock"
2022-11-16,76.19971466064453,76.67246340484024,74.90688210035955,76.20935733647009,240300,UFPI,"UFP Industries, Inc. - Common Stock"
2022-11-17,74.59815216064453,74.89723706929273,73.81666843891384,74.35695275410329,357700,UFPI,"UFP Industries, Inc. - Common Stock"
2022-11-18,76.20935821533203,76.8075353603707,75.57259564490369,75.84273778755943,193800,UFPI,"UFP Industries, Inc. - Common Stock"
2022-11-21,76.10321807861328,76.68210242108668,75.58222658687933,75.8427260131564,201900,UFPI,"UFP Industries, Inc. - Common Stock"
2022-11-22,78.52487182617188,78.63100014529502,76.64351955230002,76.76894058361776,306600,UFPI,"UFP Industries, Inc. - Common Stock"
2022-11-23,78.00386810302734,79.11338658213593,77.83985431207581,78.52485958089103,140100,UFPI,"UFP Industries, Inc. - Common Stock"
2022-11-25,78.68888092041016,78.98797314763581,77.83021174326886,78.13894664560257,58900,UFPI,"UFP Industries, Inc. - Common Stock"
2022-11-28,77.41535186767578,78.96867648227945,76.83647482093141,77.85915784887382,427900,UFPI,"UFP Industries, Inc. - Common Stock"
2022-11-29,77.97493743896484,78.67924288689936,77.29958210052445,77.29958210052445,154500,UFPI,"UFP Industries, Inc. - Common Stock"
2022-11-30,79.22340393066406,79.46535177863612,76.02001678628595,77.626546657316,346100,UFPI,"UFP Industries, Inc. - Common Stock"
2022-12-01,80.82024383544922,82.09772790285925,79.95891027246537,80.4524784600219,206100,UFPI,"UFP Industries, Inc. - Common Stock"
2022-12-02,80.52991485595703,81.34286340430958,77.90720126464024,79.46534588062599,188000,UFPI,"UFP Industries, Inc. - Common Stock"
2022-12-05,78.89434051513672,79.45566121978524,77.76202650944535,79.45566121978524,215300,UFPI,"UFP Industries, Inc. - Common Stock"
2022-12-06,76.46519470214844,79.02984319168952,75.4490108568161,79.02984319168952,241100,UFPI,"UFP Industries, Inc. - Common Stock"
2022-12-07,77.98461151123047,78.12978165836306,76.39743463887777,76.92004273835883,182200,UFPI,"UFP Industries, Inc. - Common Stock"
2022-12-08,78.85562133789062,79.0104640729364,76.99745683172094,77.69426759857706,152600,UFPI,"UFP Industries, Inc. - Common Stock"
2022-12-09,77.74266815185547,79.41694277758072,77.50072035408448,78.57496916688056,283900,UFPI,"UFP Industries, Inc. - Common Stock"
2022-12-12,79.26211547851562,79.69761864593964,77.42331038025219,77.74268330764967,147500,UFPI,"UFP Industries, Inc. - Common Stock"
2022-12-13,80.23957061767578,83.2493944072509,80.04600795065984,82.26225064828226,336900,UFPI,"UFP Industries, Inc. - Common Stock"
2022-12-14,79.41694641113281,80.96541829464286,78.97176332890508,79.9879470795009,245400,UFPI,"UFP Industries, Inc. - Common Stock"
2022-12-15,77.99429321289062,78.47818883739149,76.11678321071696,78.24592100505622,325300,UFPI,"UFP Industries, Inc. - Common Stock"
2022-12-16,76.93940734863281,78.0910813434155,75.52643295506209,76.7458520446166,649100,UFPI,"UFP Industries, Inc. - Common Stock"
2022-12-19,76.12646484375,77.72331453235007,75.81676454902937,76.93940596640739,266400,UFPI,"UFP Industries, Inc. - Common Stock"
2022-12-20,76.51356506347656,77.00714061164253,75.54577392476865,75.97160438857146,235700,UFPI,"UFP Industries, Inc. - Common Stock"
2022-12-21,78.14913177490234,78.36204699951371,76.44581736167157,77.23940577289383,254000,UFPI,"UFP Industries, Inc. - Common Stock"
2022-12-22,76.02001190185547,77.21039110254296,74.66510256353497,77.21039110254296,204400,UFPI,"UFP Industries, Inc. - Common Stock"
2022-12-23,76.52325439453125,76.53293437452628,75.4199729522602,76.35873165292236,155600,UFPI,"UFP Industries, Inc. - Common Stock"
2022-12-27,77.58782958984375,77.82977742370281,75.87484217493287,76.4845480581394,172500,UFPI,"UFP Industries, Inc. - Common Stock"
2022-12-28,75.00382232666016,78.39109172205771,74.91672465779308,78.0717188355558,232500,UFPI,"UFP Industries, Inc. - Common Stock"
2022-12-29,77.21039581298828,77.51040878072844,75.1780353733484,75.1780353733484,203600,UFPI,"UFP Industries, Inc. - Common Stock"
2022-12-30,76.69744873046875,77.14263177396911,75.48770979150237,76.61035107102022,177400,UFPI,"UFP Industries, Inc. - Common Stock"
2023-01-03,77.0942611694336,78.31367293338592,76.78456085440352,77.365241561423,199700,UFPI,"UFP Industries, Inc. - Common Stock"
2023-01-04,78.6814193725586,78.97175227232228,77.7233008674561,77.90718353920185,205600,UFPI,"UFP Industries, Inc. - Common Stock"
2023-01-05,76.852294921875,78.18784398395948,76.60066716803527,78.18784398395948,177600,UFPI,"UFP Industries, Inc. - Common Stock"
2023-01-06,79.80406951904297,79.93955971002251,76.89101564565969,78.14914728608296,157600,UFPI,"UFP Industries, Inc. - Common Stock"
2023-01-09,79.46534729003906,80.8299292360187,78.94273908189945,80.6944390395005,162900,UFPI,"UFP Industries, Inc. - Common Stock"
2023-01-10,80.40410614013672,80.43313869889334,78.77821639680833,79.29114462460718,279900,UFPI,"UFP Industries, Inc. - Common Stock"
2023-01-11,82.37838745117188,82.43645255888428,80.63636038319284,81.04283090450105,158500,UFPI,"UFP Industries, Inc. - Common Stock"
2023-01-12,83.16230010986328,83.36553538070802,81.38156041956573,82.7558295681738,196400,UFPI,"UFP Industries, Inc. - Common Stock"
2023-01-13,84.01395416259766,84.59463480648336,81.85578385842503,82.52355478503583,174600,UFPI,"UFP Industries, Inc. - Common Stock"
2023-01-17,83.47200775146484,84.42044656661177,83.33651754696704,83.70427561865215,153400,UFPI,"UFP Industries, Inc. - Common Stock"
2023-01-18,82.67840576171875,84.96239367420304,82.48485046757379,84.14944519473958,207800,UFPI,"UFP Industries, Inc. - Common Stock"
2023-01-19,81.53641510009766,82.45581385992794,80.60733636007065,82.45581385992794,186700,UFPI,"UFP Industries, Inc. - Common Stock"
2023-01-20,83.70426177978516,83.87846449729021,81.15897349191908,81.99127454403643,194800,UFPI,"UFP Industries, Inc. - Common Stock"
2023-01-23,85.25273132324219,85.67856185426973,83.762339231969,83.98492709416132,168800,UFPI,"UFP Industries, Inc. - Common Stock"
2023-01-24,84.98175048828125,86.0947119442723,84.63334503451603,85.35918849924998,182700,UFPI,"UFP Industries, Inc. - Common Stock"
2023-01-25,86.09471130371094,86.41408419789646,83.6365205687286,84.15912874548813,220700,UFPI,"UFP Industries, Inc. - Common Stock"
2023-01-26,86.6173324584961,87.8464243183135,85.64954103437883,87.05283564588383,178500,UFPI,"UFP Industries, Inc. - Common Stock"
2023-01-27,87.78833770751953,88.0689980378553,85.92050042082079,86.55924614854922,96500,UFPI,"UFP Industries, Inc. - Common Stock"
2023-01-30,86.7140884399414,87.90447484274219,86.61731079846298,86.907651106559,151600,UFPI,"UFP Industries, Inc. - Common Stock"
2023-01-31,90.536865234375,90.62396289390882,87.16894877618361,87.16894877618361,313900,UFPI,"UFP Industries, Inc. - Common Stock"
2023-02-01,93.22732543945312,94.12737152542198,89.42390583534741,90.2949193675206,377800,UFPI,"UFP Industries, Inc. - Common Stock"
2023-02-02,95.20162963867188,96.19845346277523,93.72090279717452,93.81768783085016,366600,UFPI,"UFP Industries, Inc. - Common Stock"
2023-02-03,94.1854476928711,95.63713462240588,93.43057167089884,94.02092494626925,319900,UFPI,"UFP Industries, Inc. - Common Stock"
2023-02-06,92.65632629394531,93.71122252862224,91.69821508502025,93.07247680023167,173100,UFPI,"UFP Industries, Inc. - Common Stock"
2023-02-07,93.6918716430664,94.19512724453224,88.25288936403577,92.23051212355416,290400,UFPI,"UFP Industries, Inc. - Common Stock"
2023-02-08,91.76595306396484,93.39184242958802,91.19495985129836,92.73374417722482,193500,UFPI,"UFP Industries, Inc. - Common Stock"
2023-02-09,91.56272888183594,93.34346120128396,91.34013365007438,92.82086043458678,153300,UFPI,"UFP Industries, Inc. - Common Stock"
2023-02-10,91.25304412841797,91.93049509657448,90.67237081518928,91.54337709320143,180100,UFPI,"UFP Industries, Inc. - Common Stock"
2023-02-13,93.81769561767578,93.99189835562471,90.76915139540029,91.83372040123848,216800,UFPI,"UFP Industries, Inc. - Common Stock"
2023-02-14,93.70154571533203,93.84671587520411,91.72725073859054,93.26604261937685,155800,UFPI,"UFP Industries, Inc. - Common Stock"
2023-02-15,93.14022064208984,94.32092705732435,92.29824704513396,92.58857996752332,204700,UFPI,"UFP Industries, Inc. - Common Stock"
2023-02-16,91.23367309570312,92.54986971724928,90.74010490036898,91.38852323172544,301200,UFPI,"UFP Industries, Inc. - Common Stock"
2023-02-17,84.0623550415039,87.19799686563543,82.91068100251216,87.19799686563543,2125000,UFPI,"UFP Industries, Inc. - Common Stock"
2023-02-21,79.09757995605469,83.47199303804942,78.26527891304038,83.25907778746515,919700,UFPI,"UFP Industries, Inc. - Common Stock"
2023-02-22,80.93636322021484,81.47833123155986,78.0233174627469,81.44929868131383,17550900,UFPI,"UFP Industries, Inc. - Common Stock"
2023-02-23,82.53324127197266,82.79454905905592,81.3525346990167,81.61384248609997,743800,UFPI,"UFP Industries, Inc. - Common Stock"
2023-02-24,82.30095672607422,83.0074401001994,81.2654205356629,81.55575343792222,482600,UFPI,"UFP Industries, Inc. - Common Stock"
2023-02-27,83.3558578491211,83.70426329041896,82.31064890888877,83.2300476445207,487700,UFPI,"UFP Industries, Inc. - Common Stock"
2023-02-28,83.0161361694336,84.09351209755538,82.84142635932858,83.37526394719235,520200,UFPI,"UFP Industries, Inc. - Common Stock"
2023-03-01,83.07437133789062,83.21026332980017,82.12317923060594,83.04525427003665,385900,UFPI,"UFP Industries, Inc. - Common Stock"
2023-03-02,83.36556243896484,83.80233329648739,81.69611465483896,82.41437026764527,274900,UFPI,"UFP Industries, Inc. - Common Stock"
2023-03-03,84.30705261230469,84.41382013681688,83.0549667926976,84.22940215717674,290600,UFPI,"UFP Industries, Inc. - Common Stock"
2023-03-06,82.11347961425781,84.67588552410972,82.01642024293038,84.48176678145487,311300,UFPI,"UFP Industries, Inc. - Common Stock"
2023-03-07,81.02640533447266,82.33672540115208,80.76433687804342,82.16201556525111,582900,UFPI,"UFP Industries, Inc. - Common Stock"
2023-03-08,81.61846160888672,81.90964710809943,80.61873608282718,81.60876085602652,315900,UFPI,"UFP Industries, Inc. - Common Stock"
2023-03-09,80.59932708740234,82.33671711253132,80.39550020022921,81.84170472645091,340600,UFPI,"UFP Industries, Inc. - Common Stock"
2023-03-10,76.82366943359375,80.59933616064394,76.416015613357,80.59933616064394,422600,UFPI,"UFP Industries, Inc. - Common Stock"
2023-03-13,75.11539459228516,76.65866602719744,74.27096249354783,75.95011853214352,552700,UFPI,"UFP Industries, Inc. - Common Stock"
2023-03-14,76.85277557373047,77.98838565649213,75.79480853723923,77.14396106399712,499600,UFPI,"UFP Industries, Inc. - Common Stock"
2023-03-15,76.03746032714844,76.58100607970371,74.70773152652112,75.27068618927446,605200,UFPI,"UFP Industries, Inc. - Common Stock"
2023-03-16,76.94983673095703,78.06603792948482,75.19303780611155,75.42598176066754,565000,UFPI,"UFP Industries, Inc. - Common Stock"
2023-03-17,75.06686401367188,76.53248504273874,74.69803541917244,76.53248504273874,1601000,UFPI,"UFP Industries, Inc. - Common Stock"
2023-03-20,76.01805114746094,77.04689370286621,75.69774859166907,76.1733520491132,368400,UFPI,"UFP Industries, Inc. - Common Stock"
2023-03-21,77.27983856201172,78.20191352134361,76.66835056957858,77.20218811771007,447500,UFPI,"UFP Industries, Inc. - Common Stock"
2023-03-22,74.77568054199219,77.35749532939522,74.6689130134184,77.04690090222293,245900,UFPI,"UFP Industries, Inc. - Common Stock"
2023-03-23,74.36803436279297,76.1927758837058,73.5527192797257,75.11539973421162,394500,UFPI,"UFP Industries, Inc. - Common Stock"
2023-03-24,74.05741882324219,74.27094643632653,72.8053331841529,73.68858291713833,235900,UFPI,"UFP Industries, Inc. - Common Stock"
2023-03-27,75.46480560302734,75.63951541702832,73.8050660725954,75.00861845507175,327400,UFPI,"UFP Industries, Inc. - Common Stock"
2023-03-28,75.39685821533203,76.60041051649901,74.87272880873815,75.56185986042061,297500,UFPI,"UFP Industries, Inc. - Common Stock"
2023-03-29,75.74628448486328,76.53247496135621,74.96979476117916,76.26070577961322,240200,UFPI,"UFP Industries, Inc. - Common Stock"
2023-03-30,74.97950744628906,76.91101630900242,74.91156514675106,76.57130481131242,165500,UFPI,"UFP Industries, Inc. - Common Stock"
2023-03-31,77.13426208496094,77.37691422067296,75.46481420643738,75.75599973135401,392900,UFPI,"UFP Industries, Inc. - Common Stock"
2023-04-03,77.43513488769531,77.71661220475491,75.85304590403707,77.21189910857666,318100,UFPI,"UFP Industries, Inc. - Common Stock"
2023-04-04,74.30977630615234,77.81367320237405,73.88271364811823,77.81367320237405,239200,UFPI,"UFP Industries, Inc. - Common Stock"
2023-04-05,74.41654968261719,74.52331720682277,73.42653230062123,73.824477922988,379500,UFPI,"UFP Industries, Inc. - Common Stock"
2023-04-06,73.81476593017578,75.12508568526539,73.64975688734,74.71743196682041,276200,UFPI,"UFP Industries, Inc. - Common Stock"
2023-04-10,75.23187255859375,75.59099299126551,73.4847741653191,73.4847741653191,279900,UFPI,"UFP Industries, Inc. - Common Stock"
2023-04-11,76.59072875976562,76.89161505839147,74.83392214497205,74.83392214497205,211200,UFPI,"UFP Industries, Inc. - Common Stock"
2023-04-12,75.9986343383789,77.64866551858736,75.67833181587783,77.27983702322945,150900,UFPI,"UFP Industries, Inc. - Common Stock"
2023-04-13,76.6295394897461,76.8916079363416,75.22216010152168,76.60042241904777,173200,UFPI,"UFP Industries, Inc. - Common Stock"
2023-04-14,76.25098419189453,77.4157185722811,75.42596863400833,76.33834278787144,185200,UFPI,"UFP Industries, Inc. - Common Stock"
2023-04-17,77.28955841064453,77.48368456936402,75.95012123868106,75.95012123868106,251100,UFPI,"UFP Industries, Inc. - Common Stock"
2023-04-18,77.39632415771484,78.31840672871893,76.60042543825077,77.78456906102416,232400,UFPI,"UFP Industries, Inc. - Common Stock"
2023-04-19,77.7069091796875,78.08544587811002,76.78483412561312,77.318671728596,233000,UFPI,"UFP Industries, Inc. - Common Stock"
2023-04-20,78.55134582519531,79.1143005297378,77.40602750447154,77.52250318976985,269000,UFPI,"UFP Industries, Inc. - Common Stock"
2023-04-21,78.13398742675781,78.60958353765106,77.88162713305394,78.4154647918207,302800,UFPI,"UFP Industries, Inc. - Common Stock"
2023-04-24,77.75543975830078,78.67751477910748,77.4351372080673,78.16309351033189,189000,UFPI,"UFP Industries, Inc. - Common Stock"
2023-04-25,75.8918685913086,77.85249418286502,75.8918685913086,77.19248021444082,374800,UFPI,"UFP Industries, Inc. - Common Stock"
2023-04-26,73.94094848632812,77.13425102295797,73.77594683494455,75.72686439457156,358300,UFPI,"UFP Industries, Inc. - Common Stock"
2023-04-27,75.05715942382812,75.29981155639824,73.8438987609775,74.34861193845498,254200,UFPI,"UFP Industries, Inc. - Common Stock"
2023-04-28,76.21217346191406,76.45482557831811,74.58155094347269,74.67861771415824,422700,UFPI,"UFP Industries, Inc. - Common Stock"
2023-05-01,77.0274887084961,77.16337330177235,76.16364776331632,76.43541694986884,297000,UFPI,"UFP Industries, Inc. - Common Stock"
2023-05-02,75.84334564208984,77.01778100819031,74.6300850483718,76.6877776811734,391200,UFPI,"UFP Industries, Inc. - Common Stock"
2023-05-03,79.8422622680664,81.55052800300322,77.80398577184604,79.04636354458395,835100,UFPI,"UFP Industries, Inc. - Common Stock"
2023-05-04,77.13426208496094,79.72578511712796,76.62954149579286,79.72578511712796,513400,UFPI,"UFP Industries, Inc. - Common Stock"
2023-05-05,79.03665161132812,79.1045939111192,77.92045033891317,78.5513473542047,681800,UFPI,"UFP Industries, Inc. - Common Stock"
2023-05-08,80.16255187988281,80.32756095160553,79.11430033539357,79.34724430026283,311000,UFPI,"UFP Industries, Inc. - Common Stock"
2023-05-09,80.2984390258789,81.0749213302065,79.72577619897594,79.91989492376916,255900,UFPI,"UFP Industries, Inc. - Common Stock"
2023-05-10,81.04581451416016,81.99701415834332,80.19168164980707,81.4340594180136,268200,UFPI,"UFP Industries, Inc. - Common Stock"
2023-05-11,79.26959991455078,81.04581536995605,78.87165425263676,81.04581536995605,200500,UFPI,"UFP Industries, Inc. - Common Stock"
2023-05-12,79.1045913696289,80.41491134073286,78.2407504121153,79.66754606704262,193500,UFPI,"UFP Industries, Inc. - Common Stock"
2023-05-15,80.46343231201172,81.3466820446392,78.43485704472432,79.37634831285476,360400,UFPI,"UFP Industries, Inc. - Common Stock"
2023-05-16,79.8131332397461,80.27902113215312,79.21135335646962,79.89077628504424,271900,UFPI,"UFP Industries, Inc. - Common Stock"
2023-05-17,81.41463470458984,81.54081854329475,79.79372035869106,80.27902458717487,227500,UFPI,"UFP Industries, Inc. - Common Stock"
2023-05-18,82.4822998046875,82.66671035336522,80.87108640946218,81.12344665073383,202300,UFPI,"UFP Industries, Inc. - Common Stock"
2023-05-19,80.23049926757812,83.40438568970978,79.8325462424726,83.40438568970978,310700,UFPI,"UFP Industries, Inc. - Common Stock"
2023-05-22,80.42462158203125,81.10404457571056,79.77431565877316,80.55079802224162,275500,UFPI,"UFP Industries, Inc. - Common Stock"
2023-05-23,79.47342681884766,80.65757045569184,78.56105980115835,80.19168249030915,268500,UFPI,"UFP Industries, Inc. - Common Stock"
2023-05-24,77.97868347167969,79.5025459282894,77.77485657494242,79.44430438268218,233400,UFPI,"UFP Industries, Inc. - Common Stock"
2023-05-25,78.16310119628906,78.80370635974822,77.4157359107419,77.82338970285853,237700,UFPI,"UFP Industries, Inc. - Common Stock"
2023-05-26,78.41546630859375,78.86194535676414,77.71662696183814,78.31840693380117,145300,UFPI,"UFP Industries, Inc. - Common Stock"
2023-05-30,78.76488494873047,79.24048106258418,78.14369607201995,78.72605971829162,213700,UFPI,"UFP Industries, Inc. - Common Stock"
2023-05-31,76.03878021240234,79.15433014212772,75.96088979285038,78.78435436327551,290000,UFPI,"UFP Industries, Inc. - Common Stock"
2023-06-01,77.16816711425781,77.28499531267376,75.4254080168423,76.18482101870222,254500,UFPI,"UFP Industries, Inc. - Common Stock"
2023-06-02,81.7830581665039,81.87067930622392,78.06387653272014,78.06387653272014,298000,UFPI,"UFP Industries, Inc. - Common Stock"
2023-06-05,81.7830581665039,82.15302646983001,78.91091802353843,81.19889495092225,378200,UFPI,"UFP Industries, Inc. - Common Stock"
2023-06-06,85.61907958984375,85.96957902189254,81.52992202528733,81.52992202528733,352000,UFPI,"UFP Industries, Inc. - Common Stock"
2023-06-07,87.86811065673828,88.57884767332366,85.67749293953428,85.84300449543821,380800,UFPI,"UFP Industries, Inc. - Common Stock"
2023-06-08,86.12535858154297,87.81943433893888,86.0474681626183,87.3910518909316,332200,UFPI,"UFP Industries, Inc. - Common Stock"
2023-06-09,85.96957397460938,86.41743268303597,85.13227065032193,85.78458611076687,262200,UFPI,"UFP Industries, Inc. - Common Stock"
2023-06-12,86.46611022949219,87.30341356938958,85.14200296770277,85.74564250494271,341700,UFPI,"UFP Industries, Inc. - Common Stock"
2023-06-13,88.0433578491211,88.69567332349504,86.74845763064977,86.93344549844235,293800,UFPI,"UFP Industries, Inc. - Common Stock"
2023-06-14,86.02799224853516,89.39667459759437,85.22963408983371,88.27702405808856,346300,UFPI,"UFP Industries, Inc. - Common Stock"
2023-06-15,87.0794906616211,87.0794906616211,84.83045142073443,85.21989605609461,390400,UFPI,"UFP Industries, Inc. - Common Stock"
2023-06-16,86.91397857666016,87.54682523084924,86.01826104385917,87.5176181807856,706300,UFPI,"UFP Industries, Inc. - Common Stock"
2023-06-20,87.75127410888672,88.48148000689221,86.34928383578236,86.34928383578236,221100,UFPI,"UFP Industries, Inc. - Common Stock"
2023-06-21,88.35491943359375,89.05591832998289,87.19632362272621,87.48840897223468,282300,UFPI,"UFP Industries, Inc. - Common Stock"
2023-06-22,87.60525512695312,88.90014818104221,87.13791999717819,88.30624667955568,373000,UFPI,"UFP Industries, Inc. - Common Stock"
2023-06-23,87.75127410888672,88.97802209738674,86.77766624487938,86.77766624487938,1830400,UFPI,"UFP Industries, Inc. - Common Stock"
2023-06-26,89.1435317993164,89.89321399872674,88.0433576099414,88.0433576099414,201500,UFPI,"UFP Industries, Inc. - Common Stock"
2023-06-27,91.90858459472656,92.43433373692726,89.57192421651413,89.67902167666827,230400,UFPI,"UFP Industries, Inc. - Common Stock"
2023-06-28,92.65826416015625,92.67774047829936,91.41204720839983,91.79175370376188,229500,UFPI,"UFP Industries, Inc. - Common Stock"
2023-06-29,94.43997192382812,94.79047138294321,92.97955998686172,93.11586450673543,263900,UFPI,"UFP Industries, Inc. - Common Stock"
2023-06-30,94.4886474609375,95.31621267101514,93.93369126801122,95.08254886031949,274400,UFPI,"UFP Industries, Inc. - Common Stock"
2023-07-03,93.95317077636719,95.1312355496595,93.20349589446825,94.48865814060889,138700,UFPI,"UFP Industries, Inc. - Common Stock"
2023-07-05,91.82096099853516,93.35926330224109,91.34389519529839,93.17427541958156,529100,UFPI,"UFP Industries, Inc. - Common Stock"
2023-07-06,88.87092590332031,90.88629391338588,88.37438380575674,90.66236826117783,323500,UFPI,"UFP Industries, Inc. - Common Stock"
2023-07-07,89.0656509399414,90.39948896376345,88.64699926001718,89.19221728855533,384100,UFPI,"UFP Industries, Inc. - Common Stock"
2023-07-10,91.24654388427734,91.73334788926982,88.43281732966396,89.00724249009608,224100,UFPI,"UFP Industries, Inc. - Common Stock"
2023-07-11,92.11305236816406,92.54144225999268,91.28548706370924,91.67493174464077,202600,UFPI,"UFP Industries, Inc. - Common Stock"
2023-07-12,94.33287048339844,95.17017388625722,93.06717722008942,93.69029312076201,183400,UFPI,"UFP Industries, Inc. - Common Stock"
2023-07-13,96.32878112792969,96.3871952329163,94.07001078929001,94.34261984994724,213100,UFPI,"UFP Industries, Inc. - Common Stock"
2023-07-14,96.98108673095703,97.1271294064103,95.48172962384554,95.77381497475209,387100,UFPI,"UFP Industries, Inc. - Common Stock"
2023-07-17,98.86988067626953,99.22038009841826,96.72793893780077,96.83503639612614,327400,UFPI,"UFP Industries, Inc. - Common Stock"
2023-07-18,100.13556671142578,100.65157768768856,98.88934984165036,98.88934984165036,354400,UFPI,"UFP Industries, Inc. - Common Stock"
2023-07-19,99.94084930419922,100.66131704788235,99.05486257736791,100.61263368318491,302800,UFPI,"UFP Industries, Inc. - Common Stock"
2023-07-20,98.68489837646484,100.55422378140192,98.13968032370124,100.55422378140192,344000,UFPI,"UFP Industries, Inc. - Common Stock"
2023-07-21,98.09099578857422,99.16196299147694,97.68208225387224,99.09381073569328,215900,UFPI,"UFP Industries, Inc. - Common Stock"
2023-07-24,96.7766342163086,99.142501893064,96.5234940629165,98.28572212097981,242300,UFPI,"UFP Industries, Inc. - Common Stock"
2023-07-25,96.95187377929688,98.49017600141734,95.90037549369261,96.16324635107438,283800,UFPI,"UFP Industries, Inc. - Common Stock"
2023-07-26,99.0256576538086,99.30800483342513,96.90319215534521,98.03258087381138,238000,UFPI,"UFP Industries, Inc. - Common Stock"
2023-07-27,98.6362075805664,100.51527100292779,98.04230620580712,99.69744398538023,265700,UFPI,"UFP Industries, Inc. - Common Stock"
2023-07-28,99.14250946044922,100.12584824222705,99.00620492776635,99.88244622985908,185700,UFPI,"UFP Industries, Inc. - Common Stock"
2023-07-31,100.0479507446289,100.06741963445934,98.23703944080535,99.19117103131265,175800,UFPI,"UFP Industries, Inc. - Common Stock"
2023-08-01,100.62237548828125,101.07023423318161,99.74612688824195,99.97005997471153,219500,UFPI,"UFP Industries, Inc. - Common Stock"
2023-08-02,99.71690368652344,100.84629223874514,99.10353347987466,99.2593068568487,226600,UFPI,"UFP Industries, Inc. - Common Stock"
2023-08-03,98.88935852050781,100.21346591786185,94.99492674665217,99.30801023331885,382900,UFPI,"UFP Industries, Inc. - Common Stock"
2023-08-04,100.03821563720703,100.6515859641002,98.76279161530127,99.93111816977564,196500,UFPI,"UFP Industries, Inc. - Common Stock"
2023-08-07,101.1676025390625,101.54730903364343,99.7656047572013,100.22320166811649,184500,UFPI,"UFP Industries, Inc. - Common Stock"
2023-08-08,99.32746887207031,99.90190136200607,97.73075260383281,99.7655968582325,230400,UFPI,"UFP Industries, Inc. - Common Stock"
2023-08-09,98.73357391357422,99.53193203954169,98.04230581544543,99.31773712778778,228100,UFPI,"UFP Industries, Inc. - Common Stock"
2023-08-10,98.33439636230469,99.75586298271197,97.3607884775294,99.17169973745453,211000,UFPI,"UFP Industries, Inc. - Common Stock"
2023-08-11,98.5972671508789,99.47351573214473,98.42201743462574,98.42201743462574,146500,UFPI,"UFP Industries, Inc. - Common Stock"
2023-08-14,100.87551879882812,100.93393289798993,98.32466333353618,98.49991305906065,158300,UFPI,"UFP Industries, Inc. - Common Stock"
2023-08-15,99.77535247802734,101.37206902570348,98.98672493613438,100.70027711950864,149200,UFPI,"UFP Industries, Inc. - Common Stock"
2023-08-16,98.8796157836914,100.51527735011106,98.70436606485934,99.88243073054869,183500,UFPI,"UFP Industries, Inc. - Common Stock"
2023-08-17,96.04641723632812,99.64876336067952,95.71538670010142,98.98670971626463,277400,UFPI,"UFP Industries, Inc. - Common Stock"
2023-08-18,96.39691925048828,96.66952827115044,94.93650741576496,95.41357320192374,247800,UFPI,"UFP Industries, Inc. - Common Stock"
2023-08-21,97.4192123413086,97.69182138789243,96.07563599969993,96.77663493550946,197300,UFPI,"UFP Industries, Inc. - Common Stock"
2023-08-22,98.33439636230469,98.88935255950506,97.30237438141525,97.53603819391049,267300,UFPI,"UFP Industries, Inc. - Common Stock"
2023-08-23,99.42483520507812,99.81427239829566,97.78917373823417,98.86987903390097,166400,UFPI,"UFP Industries, Inc. - Common Stock"
2023-08-24,98.25650024414062,99.73638830278023,98.04230533343977,98.93803018073774,225000,UFPI,"UFP Industries, Inc. - Common Stock"
2023-08-25,98.37333679199219,99.29826126639836,96.73767532787684,98.33439158712773,285200,UFPI,"UFP Industries, Inc. - Common Stock"
2023-08-28,99.81429290771484,100.58344415002658,98.80174708364963,98.82121597609556,180400,UFPI,"UFP Industries, Inc. - Common Stock"
2023-08-29,101.13837432861328,101.53755708709333,98.88934271563303,99.12300650486839,197400,UFPI,"UFP Industries, Inc. - Common Stock"
2023-08-30,101.52783966064453,102.16068633758283,100.56396983370003,101.05077382703111,195400,UFPI,"UFP Industries, Inc. - Common Stock"
2023-08-31,101.88910675048828,102.58236188770348,101.32278313435074,101.47901342134183,276300,UFPI,"UFP Industries, Inc. - Common Stock"
2023-09-01,104.779296875,105.03316735901852,102.51400992779674,102.52377618280858,200000,UFPI,"UFP Industries, Inc. - Common Stock"
2023-09-05,99.49689483642578,103.60760955572678,97.51476949749261,103.60760955572678,358200,UFPI,"UFP Industries, Inc. - Common Stock"
2023-09-06,100.37566375732422,101.73288269911734,99.54570340415962,99.59452723062931,272900,UFPI,"UFP Industries, Inc. - Common Stock"
2023-09-07,99.48711395263672,100.38541568213283,98.95984795067956,100.14131146545652,285800,UFPI,"UFP Industries, Inc. - Common Stock"
2023-09-08,99.02820587158203,100.06321291039295,98.62787879341955,99.14537858808991,193200,UFPI,"UFP Industries, Inc. - Common Stock"
2023-09-11,100.81503295898438,101.84027356208364,99.82884992118564,99.82884992118564,262500,UFPI,"UFP Industries, Inc. - Common Stock"
2023-09-12,99.81910705566406,100.94198057710712,99.2625496978334,100.48307087285416,202300,UFPI,"UFP Industries, Inc. - Common Stock"
2023-09-13,98.9989242553711,99.92651747450533,97.59288131738404,99.88746734797984,248000,UFPI,"UFP Industries, Inc. - Common Stock"
2023-09-14,100.45377349853516,100.88339934192385,99.46759773907681,100.10226279930262,204800,UFPI,"UFP Industries, Inc. - Common Stock"
2023-09-15,99.88745880126953,100.78576062391242,99.01844829574993,100.3463685186519,924300,UFPI,"UFP Industries, Inc. - Common Stock"
2023-09-18,99.70193481445312,100.70764307553027,99.4871218947143,100.2389671138002,329600,UFPI,"UFP Industries, Inc. - Common Stock"
2023-09-19,99.9753189086914,100.64904890711486,99.2722975972007,99.75074720886309,262800,UFPI,"UFP Industries, Inc. - Common Stock"
2023-09-20,99.26254272460938,102.07462063249864,99.13560376366388,100.47329755932245,302000,UFPI,"UFP Industries, Inc. - Common Stock"
2023-09-21,99.09654998779297,100.3170711237872,97.89556136167774,98.69622292891115,231600,UFPI,"UFP Industries, Inc. - Common Stock"
2023-09-22,98.81338500976562,99.90697459422586,98.08107235174027,99.42853241016745,256700,UFPI,"UFP Industries, Inc. - Common Stock"
2023-09-25,99.65311431884766,99.99486622047702,98.25683774333768,98.64740602414956,165500,UFPI,"UFP Industries, Inc. - Common Stock"
2023-09-26,98.2373046875,99.82886154916783,98.1982471176501,99.22348784016853,293100,UFPI,"UFP Industries, Inc. - Common Stock"
2023-09-27,99.26254272460938,99.78004247454845,98.42282361922803,98.94032336916709,277300,UFPI,"UFP Industries, Inc. - Common Stock"
2023-09-28,101.29348754882812,101.65476448516618,99.01844182379702,99.01844182379702,216300,UFPI,"UFP Industries, Inc. - Common Stock"
2023-09-29,99.98509979248047,101.74264587889841,99.72146303736206,101.74264587889841,259900,UFPI,"UFP Industries, Inc. - Common Stock"
2023-10-02,99.53594970703125,100.06321577219124,98.74504688455606,99.3797194138859,240800,UFPI,"UFP Industries, Inc. - Common Stock"
2023-10-03,97.82721710205078,99.94604010645799,97.16325327469389,98.95009064068756,342200,UFPI,"UFP Industries, Inc. - Common Stock"
2023-10-04,98.3740005493164,99.02819807030764,96.96795785986811,98.08107250585815,326800,UFPI,"UFP Industries, Inc. - Common Stock"
2023-10-05,98.61811065673828,99.11608538055957,97.75886643381553,98.51070419768918,331800,UFPI,"UFP Industries, Inc. - Common Stock"
2023-10-06,98.2763671875,99.63358614762458,97.0851373204623,97.73933488696001,191900,UFPI,"UFP Industries, Inc. - Common Stock"
2023-10-09,98.9305648803711,99.62382001956367,97.44641439707308,97.80768390019773,217800,UFPI,"UFP Industries, Inc. - Common Stock"
2023-10-10,100.58070373535156,101.30325013237194,98.6571613120073,98.93055684334098,289200,UFPI,"UFP Industries, Inc. - Common Stock"
2023-10-11,101.97698974609375,102.26991036458358,100.58071319449529,100.58071319449529,181000,UFPI,"UFP Industries, Inc. - Common Stock"
2023-10-12,95.87437438964844,101.72310932706668,95.22993568279156,101.72310932706668,537900,UFPI,"UFP Industries, Inc. - Common Stock"
2023-10-13,95.49358367919922,96.4797594659528,94.43905155231442,95.87438570566255,363100,UFPI,"UFP Industries, Inc. - Common Stock"
2023-10-16,98.1396713256836,98.43259194576315,96.42117537989655,96.9679664969546,341800,UFPI,"UFP Industries, Inc. - Common Stock"
2023-10-17,98.1982421875,99.41876324852066,97.68074244954234,97.77838264453011,406100,UFPI,"UFP Industries, Inc. - Common Stock"
2023-10-18,95.00537109375,97.51476232766105,94.94678101180165,97.51476232766105,325200,UFPI,"UFP Industries, Inc. - Common Stock"
2023-10-19,93.83366394042969,95.29828931135044,92.95488722798325,94.92725356585967,491400,UFPI,"UFP Industries, Inc. - Common Stock"
2023-10-20,92.59362030029297,94.56597924329054,92.40809869767777,94.25352612015816,445400,UFPI,"UFP Industries, Inc. - Common Stock"
2023-10-23,93.90202331542969,94.53669587028324,92.43739778090797,92.53503799331527,355800,UFPI,"UFP Industries, Inc. - Common Stock"
2023-10-24,92.75960540771484,95.63027347468918,92.65219895286413,94.84913697567842,319400,UFPI,"UFP Industries, Inc. - Common Stock"
2023-10-25,90.53337860107422,92.41786356686661,90.28927436949215,92.2030506511592,328000,UFPI,"UFP Industries, Inc. - Common Stock"
2023-10-26,92.39832305908203,93.40403866370502,90.63101095922825,91.47073003914613,294600,UFPI,"UFP Industries, Inc. - Common Stock"
2023-10-27,92.06634521484375,92.7400752217668,91.13874474235314,92.4276221293257,264900,UFPI,"UFP Industries, Inc. - Common Stock"
2023-10-30,93.91178131103516,94.25352574913626,92.64243631297958,93.20875992438715,312900,UFPI,"UFP Industries, Inc. - Common Stock"
2023-10-31,92.92559814453125,93.95083890858977,90.19163518949192,91.85154100328472,549200,UFPI,"UFP Industries, Inc. - Common Stock"
2023-11-01,93.5212173461914,93.58956623695416,88.48290959268036,90.78725426621088,507100,UFPI,"UFP Industries, Inc. - Common Stock"
2023-11-02,96.17707061767578,96.60669646416389,94.43904961974876,95.38617526343197,367900,UFPI,"UFP Industries, Inc. - Common Stock"
2023-11-03,101.14703369140625,101.713357340607,97.8174555873243,97.88580447950574,387000,UFPI,"UFP Industries, Inc. - Common Stock"
2023-11-06,99.57499694824219,100.60023020511464,98.67668775480729,100.60023020511464,378700,UFPI,"UFP Industries, Inc. - Common Stock"
2023-11-07,100.40494537353516,101.08843418126047,98.94032011457868,99.44805359325045,298100,UFPI,"UFP Industries, Inc. - Common Stock"
2023-11-08,99.41877746582031,101.22514740455546,99.26255462139322,100.79552899527813,257400,UFPI,"UFP Industries, Inc. - Common Stock"
2023-11-09,98.16896057128906,100.18037709471292,97.88579876322461,100.18037709471292,323900,UFPI,"UFP Industries, Inc. - Common Stock"
2023-11-10,100.57093048095703,100.75645205693645,98.03224828880725,98.94031621151699,268300,UFPI,"UFP Industries, Inc. - Common Stock"
2023-11-13,100.0436782836914,101.01032896365916,99.38948072499959,100.07296959983134,212100,UFPI,"UFP Industries, Inc. - Common Stock"
2023-11-14,110.01289367675781,110.12030013497785,103.79312260249353,103.99816926378543,510000,UFPI,"UFP Industries, Inc. - Common Stock"
2023-11-15,107.92335510253906,111.42869552830419,107.20080870691132,109.78831489399425,484300,UFPI,"UFP Industries, Inc. - Common Stock"
2023-11-16,107.26914978027344,108.95834666526903,107.21056715635675,107.80618199773964,331300,UFPI,"UFP Industries, Inc. - Common Stock"
2023-11-17,107.97217559814453,108.74354579313089,107.19103914893904,107.76712895635868,292300,UFPI,"UFP Industries, Inc. - Common Stock"
2023-11-20,107.68902587890625,108.0991192083939,107.00552954695671,107.64020205181339,209400,UFPI,"UFP Industries, Inc. - Common Stock"
2023-11-21,106.5466079711914,107.35702828457815,106.34156132928855,107.24962183651436,208800,UFPI,"UFP Industries, Inc. - Common Stock"
2023-11-22,108.02100372314453,108.87048914537056,107.09341060707516,107.40586373085884,146000,UFPI,"UFP Industries, Inc. - Common Stock"
2023-11-24,108.1674575805664,108.28463028451564,107.25938961100063,107.25938961100063,103900,UFPI,"UFP Industries, Inc. - Common Stock"
2023-11-27,108.85096740722656,109.38799227259284,107.64997125289669,108.13817973930439,307300,UFPI,"UFP Industries, Inc. - Common Stock"
2023-11-28,106.66378021240234,108.47014998991749,106.40015092681743,108.47014998991749,224700,UFPI,"UFP Industries, Inc. - Common Stock"
2023-11-29,108.31393432617188,109.05601330611375,107.6206791743135,108.17723654690235,267400,UFPI,"UFP Industries, Inc. - Common Stock"
2023-11-30,107.3348617553711,108.53911463854804,106.87470761496364,108.41183891498908,352600,UFPI,"UFP Industries, Inc. - Common Stock"
2023-12-01,110.5755615234375,111.01613761835594,106.1501852199882,106.74741524089472,354100,UFPI,"UFP Industries, Inc. - Common Stock"
2023-12-04,111.30007934570312,111.70149200272357,109.68462103942362,110.63431502728307,272500,UFPI,"UFP Industries, Inc. - Common Stock"
2023-12-05,111.30987548828125,111.84835662705977,110.14478602800133,111.17280701879788,259700,UFPI,"UFP Industries, Inc. - Common Stock"
2023-12-06,111.67211151123047,114.17852209286752,111.54483579590014,112.48473696288761,350900,UFPI,"UFP Industries, Inc. - Common Stock"
2023-12-07,111.67211151123047,111.89729966722925,110.86927879757427,111.67211151123047,176400,UFPI,"UFP Industries, Inc. - Common Stock"
2023-12-08,111.74065399169922,113.54213696374588,111.10426789837,111.58400752046575,169000,UFPI,"UFP Industries, Inc. - Common Stock"
2023-12-11,112.23997497558594,112.5434826378705,111.0455148638366,111.23153954442172,168500,UFPI,"UFP Industries, Inc. - Common Stock"
2023-12-12,111.02593994140625,112.31830506370109,110.57557106981405,112.31830506370109,241000,UFPI,"UFP Industries, Inc. - Common Stock"
2023-12-13,115.38276672363281,115.53942065200894,108.99926853571388,111.36860317987471,456700,UFPI,"UFP Industries, Inc. - Common Stock"
2023-12-14,121.63899230957031,122.65722046105893,116.01916320450542,117.47796746890239,579700,UFPI,"UFP Industries, Inc. - Common Stock"
2023-12-15,120.77742004394531,123.90063877692741,120.62076610902686,122.99989359048784,762500,UFPI,"UFP Industries, Inc. - Common Stock"
2023-12-18,118.65286254882812,121.18863673226612,117.16467990685535,121.18863673226612,404800,UFPI,"UFP Industries, Inc. - Common Stock"
2023-12-19,122.48099517822266,123.11738874119685,119.72003296209756,120.07249685944724,418400,UFPI,"UFP Industries, Inc. - Common Stock"
2023-12-20,120.63056182861328,124.44891568540274,120.40538112869139,122.98031862276609,304300,UFPI,"UFP Industries, Inc. - Common Stock"
2023-12-21,121.86417388916016,122.21663774832166,120.52285267681384,122.07956929972221,195700,UFPI,"UFP Industries, Inc. - Common Stock"
2023-12-22,123.37193298339844,124.00832647066417,122.34391216014838,123.1859083181301,171200,UFPI,"UFP Industries, Inc. - Common Stock"
2023-12-26,124.63494110107422,125.04614648830248,123.33278323851371,123.75378136439151,125800,UFPI,"UFP Industries, Inc. - Common Stock"
2023-12-27,124.73284912109375,125.95667257398105,124.59578065534089,124.93845181972303,168100,UFPI,"UFP Industries, Inc. - Common Stock"
2023-12-28,124.478271484375,124.89926955723162,123.76355851606236,124.86010607723682,150200,UFPI,"UFP Industries, Inc. - Common Stock"
2023-12-29,122.92156982421875,124.59576947975124,122.45161550545343,124.14540063700599,225700,UFPI,"UFP Industries, Inc. - Common Stock"
2024-01-02,120.9732437133789,122.52996062208888,120.17041088004362,121.28654414907874,202800,UFPI,"UFP Industries, Inc. - Common Stock"
2024-01-03,116.61638641357422,119.0053064547044,116.53805945197352,119.0053064547044,266700,UFPI,"UFP Industries, Inc. - Common Stock"
2024-01-04,115.97019958496094,117.2527792981096,115.55899424318969,116.82198848120439,236200,UFPI,"UFP Industries, Inc. - Common Stock"
2024-01-05,115.70587158203125,117.99687949432804,114.89324605293267,114.89324605293267,215000,UFPI,"UFP Industries, Inc. - Common Stock"
2024-01-08,118.01646423339844,118.10457647424079,115.74503434351823,116.08770550735704,218300,UFPI,"UFP Industries, Inc. - Common Stock"
2024-01-09,116.16602325439453,116.57722861834779,115.412139284143,116.22476474362483,223900,UFPI,"UFP Industries, Inc. - Common Stock"
2024-01-10,117.10592651367188,117.25278770903076,115.3338218401078,115.97020790387852,179800,UFPI,"UFP Industries, Inc. - Common Stock"
2024-01-11,116.27374267578125,117.05699006723017,114.36456175292611,116.36185492607957,177100,UFPI,"UFP Industries, Inc. - Common Stock"
2024-01-12,114.22747039794922,117.59545516876922,113.39526694320696,117.59545516876922,246400,UFPI,"UFP Industries, Inc. - Common Stock"
2024-01-16,113.56170654296875,113.84563618753162,112.17143653414679,113.14070844512317,248600,UFPI,"UFP Industries, Inc. - Common Stock"
2024-01-17,111.82876586914062,113.1602943948935,109.12654533515152,111.58399970587239,194000,UFPI,"UFP Industries, Inc. - Common Stock"
2024-01-18,113.38548278808594,113.79669564727337,111.73086849131627,112.93511391342447,171600,UFPI,"UFP Industries, Inc. - Common Stock"
2024-01-19,113.88479614257812,114.0708208104161,111.67210801292151,113.79668391234134,198300,UFPI,"UFP Industries, Inc. - Common Stock"
2024-01-22,115.22612762451172,115.87230644615916,114.54077784859794,115.2359128934074,297100,UFPI,"UFP Industries, Inc. - Common Stock"
2024-01-23,110.87907409667969,115.68628522132423,110.75179837840953,115.51983855014552,323100,UFPI,"UFP Industries, Inc. - Common Stock"
2024-01-24,109.85105895996094,112.69034815129893,108.8915797141989,112.62181391945879,315300,UFPI,"UFP Industries, Inc. - Common Stock"
2024-01-25,111.74065399169922,112.50433074910214,110.87907972573754,112.17144485951557,272800,UFPI,"UFP Industries, Inc. - Common Stock"
2024-01-26,111.5252685546875,112.85678973419367,110.72242829386565,112.48474782062134,277300,UFPI,"UFP Industries, Inc. - Common Stock"
2024-01-29,113.81627655029297,113.88481078362243,111.42735618337268,112.2204037058092,223600,UFPI,"UFP Industries, Inc. - Common Stock"
2024-01-30,114.44286346435547,114.71700036431764,113.17007646347932,113.81626270167898,189200,UFPI,"UFP Industries, Inc. - Common Stock"
2024-01-31,111.07489013671875,114.54078016186763,110.95740715023067,114.54078016186763,264900,UFPI,"UFP Industries, Inc. - Common Stock"
2024-02-01,113.83585357666016,114.07083449148112,111.09447679745585,112.23018800707261,233800,UFPI,"UFP Industries, Inc. - Common Stock"
2024-02-02,112.76866912841797,113.51276037004313,110.0762412825985,111.77002645044183,197800,UFPI,"UFP Industries, Inc. - Common Stock"
2024-02-05,110.27205657958984,111.41756797743429,108.77408875510595,111.41756797743429,185200,UFPI,"UFP Industries, Inc. - Common Stock"
2024-02-06,113.0721664428711,113.08195918019516,110.0860239506506,110.27204114178791,258400,UFPI,"UFP Industries, Inc. - Common Stock"
2024-02-07,113.68900299072266,115.32403935252908,113.27779011323256,113.94355445098873,264900,UFPI,"UFP Industries, Inc. - Common Stock"
2024-02-08,114.98135375976562,115.54920557425254,113.69877400145576,113.69877400145576,306900,UFPI,"UFP Industries, Inc. - Common Stock"
2024-02-09,116.41079711914062,116.87095873433718,114.22747949906055,114.98136351917819,347800,UFPI,"UFP Industries, Inc. - Common Stock"
2024-02-12,118.94657135009766,119.33819873403633,116.9199076681114,116.9199076681114,288200,UFPI,"UFP Industries, Inc. - Common Stock"
2024-02-13,112.44558715820312,114.80513683551871,111.65254708608411,114.34497519921757,331200,UFPI,"UFP Industries, Inc. - Common Stock"
2024-02-14,115.15758514404297,115.4610927908258,113.34630959219989,114.57993312473167,275300,UFPI,"UFP Industries, Inc. - Common Stock"
2024-02-15,117.2527847290039,117.68356809619192,115.58837034002272,116.51848624054264,310800,UFPI,"UFP Industries, Inc. - Common Stock"
2024-02-16,116.14644622802734,118.23185888346673,115.13801075129895,116.10728274246775,371200,UFPI,"UFP Industries, Inc. - Common Stock"
2024-02-20,107.75585174560547,111.51546384246224,105.73898098016717,110.41890875803101,597000,UFPI,"UFP Industries, Inc. - Common Stock"
2024-02-21,107.80481719970703,108.58807196563109,106.09145393521031,108.46078877110759,380000,UFPI,"UFP Industries, Inc. - Common Stock"
2024-02-22,109.01885223388672,109.31257463009223,107.15862782048367,108.18664873753217,415200,UFPI,"UFP Industries, Inc. - Common Stock"
2024-02-23,109.52796936035156,110.11540667934993,108.13769182612812,108.84261959679448,252800,UFPI,"UFP Industries, Inc. - Common Stock"
2024-02-26,109.07760620117188,110.03708546276077,108.02021448990678,108.45099789586313,221600,UFPI,"UFP Industries, Inc. - Common Stock"
2024-02-27,111.11405181884766,111.30986924260168,109.34194708448165,110.11540910155043,256700,UFPI,"UFP Industries, Inc. - Common Stock"
2024-02-28,110.95740509033203,111.32944699008921,109.6944107213348,109.74335947490577,192700,UFPI,"UFP Industries, Inc. - Common Stock"
2024-02-29,112.55793762207031,112.83288261586274,110.99668216618852,112.38119101466057,266700,UFPI,"UFP Industries, Inc. - Common Stock"
2024-03-01,113.8638916015625,114.05045953501474,111.47781628658478,112.28299356411101,189600,UFPI,"UFP Industries, Inc. - Common Stock"
2024-03-04,113.55950927734375,116.5740155828004,112.95071371553213,114.16829734766995,222600,UFPI,"UFP Industries, Inc. - Common Stock"
2024-03-05,111.87059783935547,113.94245800866253,111.59566032728378,113.28457074885023,364900,UFPI,"UFP Industries, Inc. - Common Stock"
2024-03-06,111.68402099609375,113.0292594204626,110.86902986205244,113.0292594204626,371700,UFPI,"UFP Industries, Inc. - Common Stock"
2024-03-07,113.01943969726562,113.91299404459419,112.12589284142193,112.12589284142193,248100,UFPI,"UFP Industries, Inc. - Common Stock"
2024-03-08,113.14710235595703,116.05359640809154,113.14710235595703,114.22721722462754,252700,UFPI,"UFP Industries, Inc. - Common Stock"
2024-03-11,111.28144073486328,112.16517376976329,109.20958064417526,112.16517376976329,327300,UFPI,"UFP Industries, Inc. - Common Stock"
2024-03-12,111.4090805053711,112.27317080716597,110.1914970138682,110.9082972380373,257600,UFPI,"UFP Industries, Inc. - Common Stock"
2024-03-13,113.00962829589844,113.96209576384759,111.12433603501164,111.29126131518187,261500,UFPI,"UFP Industries, Inc. - Common Stock"
2024-03-14,111.92951202392578,112.76414590595425,110.7217497276277,112.12590131418776,370000,UFPI,"UFP Industries, Inc. - Common Stock"
2024-03-15,113.5300521850586,114.39414258230781,108.64988885222292,111.22252486081086,1051200,UFPI,"UFP Industries, Inc. - Common Stock"
2024-03-18,112.16517639160156,114.30577090773527,111.95896576906722,113.90317849129279,328700,UFPI,"UFP Industries, Inc. - Common Stock"
2024-03-19,114.69853210449219,114.8851000488553,112.05716182151042,112.05716182151042,253200,UFPI,"UFP Industries, Inc. - Common Stock"
2024-03-20,116.67220306396484,117.43810254386304,114.18793667709524,114.69853383319898,209900,UFPI,"UFP Industries, Inc. - Common Stock"
2024-03-21,119.51978302001953,121.02212544762833,117.44792290999487,117.76213827072688,310100,UFPI,"UFP Industries, Inc. - Common Stock"
2024-03-22,116.97659301757812,119.18592182105041,116.87840212460968,118.9895400351135,255700,UFPI,"UFP Industries, Inc. - Common Stock"
2024-03-25,116.22052001953125,117.45774630157993,116.11250778506353,116.99624084366974,185200,UFPI,"UFP Industries, Inc. - Common Stock"
2024-03-26,115.76883697509766,117.61485133241557,115.69028125993894,117.20244506506029,234800,UFPI,"UFP Industries, Inc. - Common Stock"
2024-03-27,119.5885238647461,119.72599262428436,116.78022064877484,116.78022064877484,277000,UFPI,"UFP Industries, Inc. - Common Stock"
2024-03-28,120.78646087646484,121.2086884525644,119.30375369181502,119.56886984821017,340600,UFPI,"UFP Industries, Inc. - Common Stock"
2024-04-01,117.73268127441406,121.20869290239523,117.70322475500929,120.7864653107948,188000,UFPI,"UFP Industries, Inc. - Common Stock"
2024-04-02,116.27942657470703,116.49545103159478,114.53160322932045,115.76882944236904,347000,UFPI,"UFP Industries, Inc. - Common Stock"
2024-04-03,119.34302520751953,119.37248172427824,115.89647040854648,116.23032841194217,352800,UFPI,"UFP Industries, Inc. - Common Stock"
2024-04-04,116.07322692871094,120.82574264803763,115.96521469703407,120.82574264803763,309700,UFPI,"UFP Industries, Inc. - Common Stock"
2024-04-05,116.6623764038086,117.85050342629587,115.8081074035862,116.2597914995453,182800,UFPI,"UFP Industries, Inc. - Common Stock"
2024-04-08,116.97659301757812,117.71303595206889,116.73111203941454,117.51665416613199,164000,UFPI,"UFP Industries, Inc. - Common Stock"
2024-04-09,117.47737884521484,118.13526608293076,115.36624088916334,116.9864168782952,158600,UFPI,"UFP Industries, Inc. - Common Stock"
2024-04-10,112.62667846679688,114.64944697700167,112.2240935271471,113.24529537400616,377400,UFPI,"UFP Industries, Inc. - Common Stock"
2024-04-11,114.81636047363281,114.99310707305544,112.54811869061307,113.29437545129994,210900,UFPI,"UFP Industries, Inc. - Common Stock"
2024-04-12,113.57913970947266,114.60034150036516,112.77396238281501,113.58896104643381,216200,UFPI,"UFP Industries, Inc. - Common Stock"
2024-04-15,112.88197326660156,113.96208808338926,111.79203711297001,113.75588495857856,307700,UFPI,"UFP Industries, Inc. - Common Stock"
2024-04-16,111.76258087158203,112.77396131594547,110.24059579086024,111.44836551516345,286700,UFPI,"UFP Industries, Inc. - Common Stock"
2024-04-17,109.62197875976562,113.2943718861107,109.56306572564023,113.215823671105,242100,UFPI,"UFP Industries, Inc. - Common Stock"
2024-04-18,108.6498794555664,112.01787868331829,108.345477956777,110.66281892644514,413700,UFPI,"UFP Industries, Inc. - Common Stock"
2024-04-19,109.769287109375,109.995125438773,108.13928964004509,108.13928964004509,310900,UFPI,"UFP Industries, Inc. - Common Stock"
2024-04-22,110.54499816894531,111.70366870948024,109.27831539646758,110.37807289830101,381100,UFPI,"UFP Industries, Inc. - Common Stock"
2024-04-23,111.9589614868164,112.8917937009138,110.54499614349221,110.54499614349221,288000,UFPI,"UFP Industries, Inc. - Common Stock"
2024-04-24,111.62511444091797,112.97035294339031,110.51554307927044,111.6643922977221,283000,UFPI,"UFP Industries, Inc. - Common Stock"
2024-04-25,110.51553344726562,110.81010611039535,107.59921838422565,109.99510750858249,420400,UFPI,"UFP Industries, Inc. - Common Stock"
2024-04-26,111.5858383178711,112.32228128854948,110.55481516232722,110.89849454183204,214900,UFPI,"UFP Industries, Inc. - Common Stock"
2024-04-29,113.69697570800781,113.79516660526221,111.92950959148752,111.92950959148752,304700,UFPI,"UFP Industries, Inc. - Common Stock"
2024-04-30,110.66282653808594,113.2747478497242,110.47626608117265,111.5858374514446,412900,UFPI,"UFP Industries, Inc. - Common Stock"
2024-05-01,110.95740509033203,114.2370274501865,109.0033785496314,109.62198793417383,277700,UFPI,"UFP Industries, Inc. - Common Stock"
2024-05-02,113.40238189697266,113.51039411841803,110.24058594153739,112.83287176474217,293600,UFPI,"UFP Industries, Inc. - Common Stock"
2024-05-03,114.54141998291016,116.67219296516485,113.5005755951414,116.2303302239269,187900,UFPI,"UFP Industries, Inc. - Common Stock"
2024-05-06,115.8473892211914,117.63449048436796,115.17968064530757,116.22051761979394,357700,UFPI,"UFP Industries, Inc. - Common Stock"
2024-05-07,114.70833587646484,115.97501845381305,114.10936177031994,115.86700623850929,368900,UFPI,"UFP Industries, Inc. - Common Stock"
2024-05-08,116.63291931152344,116.73111020294711,113.942449930794,113.942449930794,313000,UFPI,"UFP Industries, Inc. - Common Stock"
2024-05-09,116.8587646484375,117.23189303098631,115.25822390768239,116.41689440152689,315600,UFPI,"UFP Industries, Inc. - Common Stock"
2024-05-10,115.94558715820312,117.07480125104871,115.19932282418992,116.72130801343643,229700,UFPI,"UFP Industries, Inc. - Common Stock"
2024-05-13,116.68202209472656,117.83087129186585,116.4463549582736,117.20244057762802,158800,UFPI,"UFP Industries, Inc. - Common Stock"
2024-05-14,119.08772277832031,119.18591366456907,117.65411486293203,117.762127085251,239400,UFPI,"UFP Industries, Inc. - Common Stock"
2024-05-15,121.75856018066406,121.97458463123503,119.77507725461938,120.91410505106003,238600,UFPI,"UFP Industries, Inc. - Common Stock"
2024-05-16,117.32028198242188,121.43453841897036,117.10425750531952,121.43453841897036,299300,UFPI,"UFP Industries, Inc. - Common Stock"
2024-05-17,117.75232696533203,117.85051786927245,116.42673103342204,117.2515511077902,226500,UFPI,"UFP Industries, Inc. - Common Stock"
2024-05-20,117.98798370361328,119.02882067812702,117.06497280682707,117.75231656518801,182200,UFPI,"UFP Industries, Inc. - Common Stock"
2024-05-21,118.30219268798828,118.63604321220502,116.30888091319208,117.47737273092008,135200,UFPI,"UFP Industries, Inc. - Common Stock"
2024-05-22,117.41845703125,118.25309081434044,116.69182798064391,117.46754872938206,171200,UFPI,"UFP Industries, Inc. - Common Stock"
2024-05-23,116.31869506835938,117.99778390519207,115.23858036233348,117.77194562133757,282100,UFPI,"UFP Industries, Inc. - Common Stock"
2024-05-24,117.96833801269531,118.26291818245063,116.20087197713327,116.93731491003663,175600,UFPI,"UFP Industries, Inc. - Common Stock"
2024-05-28,114.99311065673828,118.84225061802606,114.1977546802921,118.40038785144151,287200,UFPI,"UFP Industries, Inc. - Common Stock"
2024-05-29,113.27474975585938,114.3450432870323,112.63649767718998,113.63806432162144,260800,UFPI,"UFP Industries, Inc. - Common Stock"
2024-05-30,115.87684631347656,116.18124033774963,114.19775727423664,114.36468254616155,191800,UFPI,"UFP Industries, Inc. - Common Stock"
2024-05-31,117.32028198242188,117.4675645881866,114.93420637972103,115.98486475259425,226500,UFPI,"UFP Industries, Inc. - Common Stock"
2024-06-03,114.72081756591797,118.15722131575916,114.0315626009024,118.15722131575916,160200,UFPI,"UFP Industries, Inc. - Common Stock"
2024-06-04,112.97798919677734,114.70111526245064,112.90906445463975,113.82478317860118,247200,UFPI,"UFP Industries, Inc. - Common Stock"
2024-06-05,113.85432434082031,114.23833470194174,112.52505712830506,113.32261595336747,149800,UFPI,"UFP Industries, Inc. - Common Stock"
2024-06-06,113.42108154296875,113.7263186089135,112.5349009344786,113.34230826393998,215300,UFPI,"UFP Industries, Inc. - Common Stock"
2024-06-07,112.05242919921875,112.98783748505129,111.40256090715816,112.24935488710977,236100,UFPI,"UFP Industries, Inc. - Common Stock"
2024-06-10,113.4900131225586,113.4900131225586,110.50654448772984,110.57546923297483,206400,UFPI,"UFP Industries, Inc. - Common Stock"
2024-06-11,112.59397888183594,112.66290362399548,111.14655178425203,112.29859034925224,199000,UFPI,"UFP Industries, Inc. - Common Stock"
2024-06-12,115.7349853515625,119.69324848730118,115.39036166634929,116.61131737063307,261300,UFPI,"UFP Industries, Inc. - Common Stock"
2024-06-13,114.7109603881836,115.39036676349606,112.82044679244737,115.39036676349606,180400,UFPI,"UFP Industries, Inc. - Common Stock"
2024-06-14,112.71214294433594,112.98784192310595,111.45180046296807,112.7515295859079,236600,UFPI,"UFP Industries, Inc. - Common Stock"
2024-06-17,113.44078063964844,113.5589405681212,111.33364407807191,112.18043811820834,255300,UFPI,"UFP Industries, Inc. - Common Stock"
2024-06-18,113.25369262695312,114.49434554653875,112.74168130979369,113.37185255194396,218500,UFPI,"UFP Industries, Inc. - Common Stock"
2024-06-20,113.61801147460938,113.80509614123635,112.35766901197924,112.84999075595874,273300,UFPI,"UFP Industries, Inc. - Common Stock"
2024-06-21,114.29741668701172,114.65188893993964,112.23950791238943,113.81493597416154,718900,UFPI,"UFP Industries, Inc. - Common Stock"
2024-06-24,114.20879364013672,115.60699307265047,113.94294320941495,114.74050201381375,217000,UFPI,"UFP Industries, Inc. - Common Stock"
2024-06-25,108.95079803466797,113.84447712876393,108.36001347367736,113.84447712876393,390700,UFPI,"UFP Industries, Inc. - Common Stock"
2024-06-26,107.69046020507812,109.53173870644001,107.1784413881848,108.15323633080189,599400,UFPI,"UFP Industries, Inc. - Common Stock"
2024-06-27,107.60183715820312,108.90156623761324,107.11936396151431,108.30093312016587,373400,UFPI,"UFP Industries, Inc. - Common Stock"
2024-06-28,110.28007507324219,110.76254829826212,107.95631574750587,108.44863751122571,1753300,UFPI,"UFP Industries, Inc. - Common Stock"
2024-07-01,108.6258773803711,111.30410906902128,108.58649073645162,110.44746646629982,437200,UFPI,"UFP Industries, Inc. - Common Stock"
2024-07-02,108.12370300292969,109.53174354321312,107.64122977943273,108.62587330376427,246900,UFPI,"UFP Industries, Inc. - Common Stock"
2024-07-03,107.72985076904297,109.59082641464494,107.64122894617752,108.78341903143263,92800,UFPI,"UFP Industries, Inc. - Common Stock"
2024-07-05,105.99686431884766,107.63136846892145,105.83931776777725,107.42459425481633,199700,UFPI,"UFP Industries, Inc. - Common Stock"
2024-07-08,107.0799789428711,107.4442997365521,106.33164779120125,106.77474186658088,217900,UFPI,"UFP Industries, Inc. - Common Stock"
2024-07-09,106.4104232788086,107.6412276599886,106.30211189228605,106.77474408004204,313800,UFPI,"UFP Industries, Inc. - Common Stock"
2024-07-10,108.30093383789062,108.45848039994611,106.69596767617647,106.90274190469913,191700,UFPI,"UFP Industries, Inc. - Common Stock"
2024-07-11,114.79957580566406,115.11466892024443,110.88069909598747,110.88069909598747,353100,UFPI,"UFP Industries, Inc. - Common Stock"
2024-07-12,115.96145629882812,117.91105364357854,115.7152954352716,116.08946475570689,275200,UFPI,"UFP Industries, Inc. - Common Stock"
2024-07-15,115.87284088134766,118.57076181659968,115.54790674163665,117.41873078915155,343900,UFPI,"UFP Industries, Inc. - Common Stock"
2024-07-16,123.75983428955078,123.94691143167596,117.79289003550103,117.89136038762635,283900,UFPI,"UFP Industries, Inc. - Common Stock"
2024-07-17,122.76535034179688,125.14818577899526,121.85948013608679,122.75550180349487,334800,UFPI,"UFP Industries, Inc. - Common Stock"
2024-07-18,119.7031021118164,126.10329195258454,119.66371547294204,122.37148491962988,334800,UFPI,"UFP Industries, Inc. - Common Stock"
2024-07-19,119.0040054321289,121.07175513062067,118.44275897807782,120.09696023931787,215600,UFPI,"UFP Industries, Inc. - Common Stock"
2024-07-22,121.39669036865234,121.77085217067655,117.96028687356623,119.33878167693607,209600,UFPI,"UFP Industries, Inc. - Common Stock"
2024-07-23,120.81575012207031,122.7554989496195,119.17139733884473,120.45143684793578,242800,UFPI,"UFP Industries, Inc. - Common Stock"
2024-07-24,117.44827270507812,122.16471586019051,117.23164993823521,120.0575794209189,257700,UFPI,"UFP Industries, Inc. - Common Stock"
2024-07-25,123.11981964111328,125.72912632318297,117.77320533105681,118.60030223495204,378000,UFPI,"UFP Industries, Inc. - Common Stock"
2024-07-26,126.85162353515625,128.53535550150647,124.9709508498108,125.40419639245242,290200,UFPI,"UFP Industries, Inc. - Common Stock"
2024-07-29,125.10880279541016,127.85596661998974,125.04972658833837,127.05839275111754,279300,UFPI,"UFP Industries, Inc. - Common Stock"
2024-07-30,133.2616424560547,134.04936023004473,117.54673371404442,125.09895477205602,480000,UFPI,"UFP Industries, Inc. - Common Stock"
2024-07-31,129.90399169921875,134.82720851536982,129.11628902820686,133.87211827554466,483100,UFPI,"UFP Industries, Inc. - Common Stock"
2024-08-01,124.26200866699219,131.1446722500199,123.69092113722736,129.71694215725708,449600,UFPI,"UFP Industries, Inc. - Common Stock"
2024-08-02,120.1068115234375,120.44158669108687,116.91656133166099,119.32894229525805,261200,UFPI,"UFP Industries, Inc. - Common Stock"
2024-08-05,115.33129119873047,117.0544173349081,111.67826469150195,114.445118052769,286600,UFPI,"UFP Industries, Inc. - Common Stock"
2024-08-06,117.58612823486328,118.97447921431869,113.75586551439633,115.07529174742564,215300,UFPI,"UFP Industries, Inc. - Common Stock"
2024-08-07,115.18360137939453,119.36833630685692,114.58296823588593,118.9646288609236,230100,UFPI,"UFP Industries, Inc. - Common Stock"
2024-08-08,116.2962417602539,117.07411100915931,115.18359733477922,116.50301598911733,238800,UFPI,"UFP Industries, Inc. - Common Stock"
2024-08-09,115.83345794677734,117.61566023490136,115.23282482527732,116.4537806324199,190900,UFPI,"UFP Industries, Inc. - Common Stock"
2024-08-12,114.22850036621094,116.48333499771763,113.40139587765162,115.99101322260003,167200,UFPI,"UFP Industries, Inc. - Common Stock"
2024-08-13,116.81810760498047,117.22181505748496,114.12018644066889,115.04574624901873,151000,UFPI,"UFP Industries, Inc. - Common Stock"
2024-08-14,115.9713134765625,117.3005807363504,115.04574615672126,117.3005807363504,147500,UFPI,"UFP Industries, Inc. - Common Stock"
2024-08-15,119.19110107421875,120.17574459399839,117.55658922551228,119.50618670005888,189500,UFPI,"UFP Industries, Inc. - Common Stock"
2024-08-16,117.00518798828125,120.14619562027416,116.59163952446782,118.21629527691113,208200,UFPI,"UFP Industries, Inc. - Common Stock"
2024-08-19,117.53689575195312,118.34430311083372,115.92208103419192,116.99533882918958,168800,UFPI,"UFP Industries, Inc. - Common Stock"
2024-08-20,116.54239654541016,118.33444728090313,116.11899957158435,117.74366272753143,250200,UFPI,"UFP Industries, Inc. - Common Stock"
2024-08-21,119.0335464477539,119.0827816253037,116.69009773371154,117.94059161380234,127500,UFPI,"UFP Industries, Inc. - Common Stock"
2024-08-22,117.31041717529297,118.96461843149942,116.67039744593198,118.6101461971528,422200,UFPI,"UFP Industries, Inc. - Common Stock"
2024-08-23,123.1001205444336,123.58260124268656,118.04890236138313,118.04890236138313,394300,UFPI,"UFP Industries, Inc. - Common Stock"
2024-08-26,122.64718627929688,125.04971871200922,122.23363783137428,124.41954750215572,226700,UFPI,"UFP Industries, Inc. - Common Stock"
2024-08-27,119.57511138916016,121.0422281295095,118.7480069265765,121.0422281295095,154600,UFPI,"UFP Industries, Inc. - Common Stock"
2024-08-28,119.16156005859375,119.84096651738511,118.36400118069724,119.39787992127242,187300,UFPI,"UFP Industries, Inc. - Common Stock"
2024-08-29,118.78739166259766,120.51051779374204,118.17690998601664,120.46128261367298,185100,UFPI,"UFP Industries, Inc. - Common Stock"
2024-08-30,120.13017272949219,120.25853230262423,118.23447358305643,120.00182068919894,194500,UFPI,"UFP Industries, Inc. - Common Stock"
2024-09-03,115.06510925292969,120.45600839691653,114.8873869720141,119.52790231515297,228000,UFPI,"UFP Industries, Inc. - Common Stock"
2024-09-04,113.94940948486328,115.430425937542,113.36687242973326,114.6800421589898,218800,UFPI,"UFP Industries, Inc. - Common Stock"
2024-09-05,112.37953186035156,114.21599292529375,111.51067155774516,114.21599292529375,448600,UFPI,"UFP Industries, Inc. - Common Stock"
2024-09-06,111.59952545166016,115.01573583881847,111.00712037595649,112.82383027915962,213800,UFPI,"UFP Industries, Inc. - Common Stock"
2024-09-09,111.38230895996094,112.34003414384615,110.26661260389344,111.5402876649825,262900,UFPI,"UFP Industries, Inc. - Common Stock"
2024-09-10,112.76458740234375,112.88307142575628,110.39495966396542,111.63901554486085,178700,UFPI,"UFP Industries, Inc. - Common Stock"
2024-09-11,112.00433349609375,112.38939714878556,109.02254965959342,112.05369618861086,244000,UFPI,"UFP Industries, Inc. - Common Stock"
2024-09-12,115.84510803222656,116.40789397950991,112.38940299698231,112.77446666971096,316500,UFPI,"UFP Industries, Inc. - Common Stock"
2024-09-13,120.4066390991211,120.53499868417768,117.5433465429774,117.83954532490287,237900,UFPI,"UFP Industries, Inc. - Common Stock"
2024-09-16,121.90740203857422,122.71702406400661,120.3473962352555,121.49271924007357,230900,UFPI,"UFP Industries, Inc. - Common Stock"
2024-09-17,124.3955078125,125.64943930766239,122.29246713886926,123.29955502308755,263300,UFPI,"UFP Industries, Inc. - Common Stock"
2024-09-18,126.90336608886719,131.40565384299867,123.74386723208008,124.63247863956379,378700,UFPI,"UFP Industries, Inc. - Common Stock"
2024-09-19,131.15879821777344,131.25753866276855,128.66081862929943,130.40842205911136,373800,UFPI,"UFP Industries, Inc. - Common Stock"
2024-09-20,129.14462280273438,131.5932321705697,128.54234224543106,131.5932321705697,1075500,UFPI,"UFP Industries, Inc. - Common Stock"
2024-09-23,129.4408416748047,130.911975016114,128.38437605926748,130.3195774850471,208400,UFPI,"UFP Industries, Inc. - Common Stock"
2024-09-24,130.43804931640625,130.47753645746155,128.8484244731525,129.93450917314362,215400,UFPI,"UFP Industries, Inc. - Common Stock"
2024-09-25,127.40690612792969,130.82312414971918,127.10083179514463,130.38869023260017,263700,UFPI,"UFP Industries, Inc. - Common Stock"
2024-09-26,127.96968841552734,130.62564684961959,127.32792068145284,128.97678376553623,228500,UFPI,"UFP Industries, Inc. - Common Stock"
2024-09-27,129.6086883544922,132.29426601171716,128.79905881024018,130.03323916500617,331300,UFPI,"UFP Industries, Inc. - Common Stock"
2024-09-30,129.5494384765625,131.1094290471284,128.35474537151444,128.76942812560273,312500,UFPI,"UFP Industries, Inc. - Common Stock"
2024-10-01,129.28285217285156,129.7370220688255,126.7947405663369,129.3223393120192,180700,UFPI,"UFP Industries, Inc. - Common Stock"
2024-10-02,128.35476684570312,129.65806863289325,127.7524861832615,128.4238881824538,193900,UFPI,"UFP Industries, Inc. - Common Stock"
2024-10-03,127.94007873535156,130.28007995167118,126.53805160947003,130.0628629961156,222300,UFPI,"UFP Industries, Inc. - Common Stock"
2024-10-04,128.0684356689453,130.03324118217822,126.88361045744757,130.03324118217822,204600,UFPI,"UFP Industries, Inc. - Common Stock"
2024-10-07,127.94007873535156,128.45350199990833,124.77070437353231,127.04159178879691,154700,UFPI,"UFP Industries, Inc. - Common Stock"
2024-10-08,133.29147338867188,133.37046273633905,129.04589011204533,129.69754093104146,319500,UFPI,"UFP Industries, Inc. - Common Stock"
2024-10-09,135.28591918945312,135.3550254557819,133.11376475888466,134.0418557387521,216900,UFPI,"UFP Industries, Inc. - Common Stock"
2024-10-10,132.84718322753906,134.14060189529775,131.68210907861086,133.16312558044368,261400,UFPI,"UFP Industries, Inc. - Common Stock"
2024-10-11,135.15757751464844,135.58214345085807,132.76820581793655,132.76820581793655,180000,UFPI,"UFP Industries, Inc. - Common Stock"
2024-10-14,136.64845275878906,137.2408653982908,135.58213411277276,135.63148927799853,167100,UFPI,"UFP Industries, Inc. - Common Stock"
2024-10-15,133.83453369140625,137.6654196402645,133.69630608086516,136.26339242886797,315700,UFPI,"UFP Industries, Inc. - Common Stock"
2024-10-16,135.11805725097656,137.77400044377652,134.93045944600215,135.2167826297107,224100,UFPI,"UFP Industries, Inc. - Common Stock"
2024-10-17,133.271728515625,135.92768707559642,132.80767549243484,135.92768707559642,163900,UFPI,"UFP Industries, Inc. - Common Stock"
2024-10-18,132.2547607421875,134.19983014152896,132.12641623292387,133.84438560495698,228500,UFPI,"UFP Industries, Inc. - Common Stock"
2024-10-21,130.44793701171875,132.6793449927032,129.86540743280045,132.29428128020197,239200,UFPI,"UFP Industries, Inc. - Common Stock"
2024-10-22,128.38436889648438,130.16159152188723,128.15728394219542,129.63830028575157,200500,UFPI,"UFP Industries, Inc. - Common Stock"
2024-10-23,128.35476684570312,128.9372964025475,127.18970773201436,128.10793075561523,315200,UFPI,"UFP Industries, Inc. - Common Stock"
2024-10-24,129.1544952392578,129.85551626561266,127.41677483258597,128.35474883013225,195800,UFPI,"UFP Industries, Inc. - Common Stock"
2024-10-25,128.52259826660156,130.97120777015022,128.05854526727032,130.41829740473705,150700,UFPI,"UFP Industries, Inc. - Common Stock"
2024-10-28,129.90489196777344,130.62564906166958,129.18411980819945,129.41121983607076,310600,UFPI,"UFP Industries, Inc. - Common Stock"
2024-10-29,121.48284912109375,122.22335737989467,116.12156902606152,120.17955488691771,599700,UFPI,"UFP Industries, Inc. - Common Stock"
2024-10-30,120.84107208251953,125.29399712504257,120.2980296872706,121.30512512339783,384300,UFPI,"UFP Industries, Inc. - Common Stock"
2024-10-31,120.79170227050781,122.32208900216345,119.34031242633542,119.94259307302522,269300,UFPI,"UFP Industries, Inc. - Common Stock"
2024-11-01,121.52233123779297,122.67752219423566,120.781823055534,121.30511429907614,234500,UFPI,"UFP Industries, Inc. - Common Stock"
2024-11-04,122.24308776855469,124.1585380019157,120.673214044969,120.673214044969,207300,UFPI,"UFP Industries, Inc. - Common Stock"
2024-11-05,124.4646224975586,124.60285009965244,120.46588252354752,121.9666425746405,317900,UFPI,"UFP Industries, Inc. - Common Stock"
2024-11-06,134.72311401367188,135.6709710811607,129.01626570324302,130.9712030144473,522000,UFPI,"UFP Industries, Inc. - Common Stock"
2024-11-07,131.5537567138672,134.930472328776,131.37602691009408,134.72312340198704,405000,UFPI,"UFP Industries, Inc. - Common Stock"
2024-11-08,132.78794860839844,134.02212906033495,131.09958312125036,131.79072116119895,219200,UFPI,"UFP Industries, Inc. - Common Stock"
2024-11-11,135.96719360351562,136.16465945534918,133.4889497061164,135.54262770967864,179900,UFPI,"UFP Industries, Inc. - Common Stock"
2024-11-12,131.65248107910156,136.10541336980677,131.34640676653063,135.14768822459442,301500,UFPI,"UFP Industries, Inc. - Common Stock"
2024-11-13,129.95425415039062,133.63705929917867,129.5395713452346,132.82742972791308,261000,UFPI,"UFP Industries, Inc. - Common Stock"
2024-11-14,130.39857482910156,130.94160216611434,129.33224112900092,130.48743220435685,229100,UFPI,"UFP Industries, Inc. - Common Stock"
2024-11-15,127.57476043701172,131.31678861140068,127.30817326429798,131.31678861140068,194400,UFPI,"UFP Industries, Inc. - Common Stock"
2024-11-18,127.57476043701172,128.50285140059944,126.69602463464527,127.30817326429798,150200,UFPI,"UFP Industries, Inc. - Common Stock"
2024-11-19,126.50843048095703,127.13044714775874,124.0301941689489,126.3307006721005,215400,UFPI,"UFP Industries, Inc. - Common Stock"
2024-11-20,127.00209045410156,127.15018605921506,125.25448698537724,125.88638667665651,182600,UFPI,"UFP Industries, Inc. - Common Stock"
2024-11-21,128.86817932128906,129.88514272188823,127.41678202806928,127.78209458973751,160300,UFPI,"UFP Industries, Inc. - Common Stock"
2024-11-22,131.38592529296875,131.58339115795926,128.4041410148688,129.82591934788812,220100,UFPI,"UFP Industries, Inc. - Common Stock"
2024-11-25,137.26060485839844,139.5413677153221,133.26185754521944,133.51856163219543,368200,UFPI,"UFP Industries, Inc. - Common Stock"
2024-11-26,135.7894744873047,136.3917551755311,132.87681151270672,135.8585958270146,300900,UFPI,"UFP Industries, Inc. - Common Stock"
2024-11-27,133.54818725585938,138.26769189866087,133.19274269814852,136.94465412605666,220500,UFPI,"UFP Industries, Inc. - Common Stock"
2024-11-29,134.18008422851562,135.61174551482907,132.47198280937224,135.09832226087997,169500,UFPI,"UFP Industries, Inc. - Common Stock"
2024-12-02,133.5763397216797,134.76403379436314,132.6162833631928,134.4869056808153,212400,UFPI,"UFP Industries, Inc. - Common Stock"
2024-12-03,132.9429168701172,134.11081189431175,131.0821863815618,133.8237917094618,182800,UFPI,"UFP Industries, Inc. - Common Stock"
2024-12-04,130.3101806640625,132.91320674273894,128.70677918373949,132.91320674273894,223900,UFPI,"UFP Industries, Inc. - Common Stock"
2024-12-05,130.7258758544922,131.39889703017212,128.89483659899926,129.8944914248813,254200,UFPI,"UFP Industries, Inc. - Common Stock"
2024-12-06,131.676025390625,132.3589537097718,130.01325652865984,132.3589537097718,151100,UFPI,"UFP Industries, Inc. - Common Stock"
2024-12-09,132.1708984375,133.61593669419014,131.41869563814205,132.25998720641627,210600,UFPI,"UFP Industries, Inc. - Common Stock"
2024-12-10,129.19175720214844,131.29001734932365,127.7467341166845,131.052487583138,210400,UFPI,"UFP Industries, Inc. - Common Stock"
2024-12-11,130.83473205566406,131.4186794900849,129.16205626694236,131.12175220233473,210000,UFPI,"UFP Industries, Inc. - Common Stock"
2024-12-12,126.82625579833984,129.84498897354229,126.58871849065706,129.55795371462892,249800,UFPI,"UFP Industries, Inc. - Common Stock"
2024-12-13,125.55938720703125,126.4501616003078,124.93584890732531,125.82661574942657,218900,UFPI,"UFP Industries, Inc. - Common Stock"
2024-12-16,123.36215209960938,125.16349260244634,122.9068690660545,125.16349260244634,254900,UFPI,"UFP Industries, Inc. - Common Stock"
2024-12-17,120.7887954711914,123.37203725698632,120.36320371009025,122.84747224820053,316300,UFPI,"UFP Industries, Inc. - Common Stock"
2024-12-18,114.42472076416016,121.54100843225204,113.60322844298746,121.08571789072445,449300,UFPI,"UFP Industries, Inc. - Common Stock"
2024-12-19,112.45513153076172,116.61206867057868,111.85138485576884,114.98888311684631,415500,UFPI,"UFP Industries, Inc. - Common Stock"
2024-12-20,112.34625244140625,114.04861952539878,110.73295901704883,111.27732321873536,1751900,UFPI,"UFP Industries, Inc. - Common Stock"
2024-12-23,111.8117904663086,112.8906117535915,111.33670828352865,112.09881818385843,252800,UFPI,"UFP Industries, Inc. - Common Stock"
2024-12-24,112.49472045898438,112.50461249854455,110.92101778376575,111.56435526041267,109600,UFPI,"UFP Industries, Inc. - Common Stock"
2024-12-26,112.79164123535156,113.0687693690345,111.24763731844644,111.84148439793492,237400,UFPI,"UFP Industries, Inc. - Common Stock"
2024-12-27,111.05957794189453,112.56399853138501,110.38654926789616,111.51486093442652,246700,UFPI,"UFP Industries, Inc. - Common Stock"
2024-12-30,111.03978729248047,112.45512668333066,109.79270318382137,111.96025287605681,215600,UFPI,"UFP Industries, Inc. - Common Stock"
2024-12-31,111.49507141113281,112.23738212951429,110.85173394496718,111.94045482169166,364500,UFPI,"UFP Industries, Inc. - Common Stock"
2025-01-02,110.02035522460938,112.78174459400572,109.72342790151221,112.22748831214487,234900,UFPI,"UFP Industries, Inc. - Common Stock"
2025-01-03,110.29747772216797,110.54491462836366,108.971211978348,109.664039846401,264500,UFPI,"UFP Industries, Inc. - Common Stock"
2025-01-06,110.96060943603516,112.41553968697544,109.58486080922741,110.29748032406961,333500,UFPI,"UFP Industries, Inc. - Common Stock"
2025-01-07,108.3476791381836,111.61384193340308,108.1695242547225,111.33671379272481,249000,UFPI,"UFP Industries, Inc. - Common Stock"
2025-01-08,108.8029556274414,108.95141927993794,106.86305120803185,107.62515354912398,415700,UFPI,"UFP Industries, Inc. - Common Stock"
2025-01-10,107.961669921875,108.28828844185928,106.15043000324397,107.09068720191695,513000,UFPI,"UFP Industries, Inc. - Common Stock"
2025-01-13,111.93055725097656,112.14830294048585,107.09069188388486,107.8725934274976,333900,UFPI,"UFP Industries, Inc. - Common Stock"
2025-01-14,113.41517639160156,114.03872222627511,112.26707307657938,112.7817385175531,291900,UFPI,"UFP Industries, Inc. - Common Stock"
2025-01-15,116.36463165283203,118.76971875976427,115.94893944945494,118.47279144239472,255400,UFPI,"UFP Industries, Inc. - Common Stock"
2025-01-16,115.81037139892578,117.11683795830659,115.57282653272921,116.11719074546083,277200,UFPI,"UFP Industries, Inc. - Common Stock"
2025-01-17,115.56293487548828,117.77006785184379,114.91959740863496,117.2455028184815,342700,UFPI,"UFP Industries, Inc. - Common Stock"
2025-01-21,117.06735229492188,118.25505402045069,116.47350520774518,116.47350520774518,250600,UFPI,"UFP Industries, Inc. - Common Stock"
2025-01-22,116.56257629394531,116.77042994347521,115.81037352404518,116.04791084342547,214700,UFPI,"UFP Industries, Inc. - Common Stock"
2025-01-23,116.43390655517578,118.07689118861755,115.44415895946625,116.02811396754582,240800,UFPI,"UFP Industries, Inc. - Common Stock"
2025-01-24,115.55303955078125,116.7704324976878,114.5237010760508,115.92914094395807,234700,UFPI,"UFP Industries, Inc. - Common Stock"
2025-01-27,117.45335388183594,118.6014648006209,114.48411087954088,115.11754878260312,246500,UFPI,"UFP Industries, Inc. - Common Stock"
2025-01-28,115.5926284790039,117.05745076638169,115.3253923859338,116.90899466042639,161600,UFPI,"UFP Industries, Inc. - Common Stock"
2025-01-29,114.59297943115234,116.42401103702355,114.1277968367103,115.23631690110038,181500,UFPI,"UFP Industries, Inc. - Common Stock"
2025-01-30,117.10694122314453,117.48304261036353,115.08785511829329,116.6021678091379,319900,UFPI,"UFP Industries, Inc. - Common Stock"
2025-01-31,114.46431732177734,117.22571417356647,114.35544447609863,116.39432222030857,276000,UFPI,"UFP Industries, Inc. - Common Stock"
2025-02-03,114.1376953125,115.16703374412774,111.59404422945,111.59404422945,349600,UFPI,"UFP Industries, Inc. - Common Stock"
2025-02-04,114.82062530517578,115.33529075310297,113.87046848126583,113.87046848126583,330500,UFPI,"UFP Industries, Inc. - Common Stock"
2025-02-05,115.73118591308594,115.92913241046607,114.81072035303616,115.88954160075507,246800,UFPI,"UFP Industries, Inc. - Common Stock"
2025-02-06,115.73118591308594,117.13662567753943,115.19672130874979,116.19636848822157,265400,UFPI,"UFP Industries, Inc. - Common Stock"
2025-02-07,114.43462371826172,115.92913720296687,113.62303096357229,115.84996313144667,242800,UFPI,"UFP Industries, Inc. - Common Stock"
2025-02-10,115.2660140991211,116.43391666551818,114.12780275498548,114.98888595644645,360100,UFPI,"UFP Industries, Inc. - Common Stock"
2025-02-11,114.4841079711914,116.17657553336315,114.32575227503642,114.63257162776968,223800,UFPI,"UFP Industries, Inc. - Common Stock"
2025-02-12,111.62373352050781,112.63328030478974,110.64388550731942,112.19778894285048,279400,UFPI,"UFP Industries, Inc. - Common Stock"
2025-02-13,113.09846496582031,113.3854927014321,111.4158969169795,112.31657093746911,192600,UFPI,"UFP Industries, Inc. - Common Stock"
2025-02-14,115.15713500976562,115.33528988485602,113.25682137625134,113.90015884469867,310100,UFPI,"UFP Industries, Inc. - Common Stock"
2025-02-18,113.276611328125,114.03872121906714,111.41588853343872,111.8414803092288,403000,UFPI,"UFP Industries, Inc. - Common Stock"
2025-02-19,111.73261260986328,113.06877043915202,109.87188972954216,110.66368332596215,373900,UFPI,"UFP Industries, Inc. - Common Stock"
2025-02-20,108.71387481689453,111.61383564182458,108.38726384160621,111.10906979311761,357100,UFPI,"UFP Industries, Inc. - Common Stock"
2025-02-21,107.4371109008789,110.29748101787544,106.63541016605083,110.29748101787544,422800,UFPI,"UFP Industries, Inc. - Common Stock"
2025-02-24,105.55658721923828,109.11967720972908,104.48765795673847,107.51628331597936,420200,UFPI,"UFP Industries, Inc. - Common Stock"
2025-02-25,108.71387481689453,109.22854780729291,104.883556365156,106.34837861222046,533700,UFPI,"UFP Industries, Inc. - Common Stock"
2025-02-26,107.65485382080078,109.42650310688614,107.39752485609112,108.86234722090622,414000,UFPI,"UFP Industries, Inc. - Common Stock"
2025-02-27,105.54668426513672,107.91218044308944,105.46750264425064,106.63540512320775,295200,UFPI,"UFP Industries, Inc. - Common Stock"
2025-02-28,105.90299987792969,106.41766533986599,104.21053228134868,106.00197313393566,502200,UFPI,"UFP Industries, Inc. - Common Stock"
2025-03-03,104.4234390258789,107.55136964709043,104.19504666488514,106.25054761000301,568500,UFPI,"UFP Industries, Inc. - Common Stock"
2025-03-04,103.18219757080078,105.88313979232488,101.63311896580043,103.10275608829681,1180900,UFPI,"UFP Industries, Inc. - Common Stock"
2025-03-05,105.41643524169922,105.91293312981735,103.73826995555386,103.73826995555386,427500,UFPI,"UFP Industries, Inc. - Common Stock"
2025-03-06,106.53851318359375,106.83640735814626,104.59224245455043,104.77098198966442,354700,UFPI,"UFP Industries, Inc. - Common Stock"
2025-03-07,108.3656234741211,108.67345730828266,105.21782876473543,106.58816017244128,392000,UFPI,"UFP Industries, Inc. - Common Stock"
2025-03-10,107.62088012695312,109.49764154887643,107.55137072525065,107.8989253097196,500200,UFPI,"UFP Industries, Inc. - Common Stock"
2025-03-11,105.02915954589844,108.33583728724547,104.73126535965997,107.39249433355552,437500,UFPI,"UFP Industries, Inc. - Common Stock"
2025-03-12,104.64189147949219,106.7271886565447,104.2645558143655,105.16818560121578,384400,UFPI,"UFP Industries, Inc. - Common Stock"
2025-03-13,103.76805114746094,106.24060833104663,103.6687530921761,104.83055624851632,533600,UFPI,"UFP Industries, Inc. - Common Stock"
2025-03-14,105.80369567871094,105.96257105243514,104.30427003891697,104.80076789273362,301600,UFPI,"UFP Industries, Inc. - Common Stock"
2025-03-17,106.47894287109375,108.65359851947585,105.12846797823893,105.12846797823893,524700,UFPI,"UFP Industries, Inc. - Common Stock"
2025-03-18,106.81655883789062,107.40243030451606,105.8930724327694,105.98244599504915,387500,UFPI,"UFP Industries, Inc. - Common Stock"
2025-03-19,107.3329086303711,107.67053113005646,105.14832097718418,106.39949776267815,407000,UFPI,"UFP Industries, Inc. - Common Stock"
2025-03-20,107.14424896240234,108.47485970573237,106.1313889979374,106.1313889979374,388900,UFPI,"UFP Industries, Inc. - Common Stock"
2025-03-21,106.7470474243164,107.33291130395347,105.43629328456306,107.0747378532439,1859800,UFPI,"UFP Industries, Inc. - Common Stock"
2025-03-24,110.96727752685547,111.1758057298717,107.56130172567748,107.56130172567748,524300,UFPI,"UFP Industries, Inc. - Common Stock"
2025-03-25,109.2196044921875,111.54321857329315,108.47485765192847,110.34169458012336,604400,UFPI,"UFP Industries, Inc. - Common Stock"
2025-03-26,109.477783203125,110.47077896913974,108.79261370026876,109.25932292244873,340200,UFPI,"UFP Industries, Inc. - Common Stock"
2025-03-27,109.31890106201172,111.1559493036487,108.55429764988057,109.8749838467909,364700,UFPI,"UFP Industries, Inc. - Common Stock"
2025-03-28,105.56537628173828,110.44098907487759,105.34691600350182,109.51750271975938,299400,UFPI,"UFP Industries, Inc. - Common Stock"
2025-03-31,106.29026794433594,107.38256177423753,103.86735584546017,105.54552111813624,442700,UFPI,"UFP Industries, Inc. - Common Stock"
2025-04-01,105.86328125,107.07473731991112,105.10860233209598,105.95264723419511,308900,UFPI,"UFP Industries, Inc. - Common Stock"
2025-04-02,108.33583068847656,108.58407961653262,104.36384783957948,104.5425873708181,339900,UFPI,"UFP Industries, Inc. - Common Stock"
2025-04-03,103.60917663574219,104.6716893992802,101.92108683056088,103.79784825931722,753400,UFPI,"UFP Industries, Inc. - Common Stock"
2025-04-04,105.69447326660156,106.60802756613704,99.87551738867374,99.87551738867374,728500,UFPI,"UFP Industries, Inc. - Common Stock"
2025-04-07,103.45030212402344,108.65359796341944,100.49117132442342,102.6559024584249,1224200,UFPI,"UFP Industries, Inc. - Common Stock"
2025-04-08,100.26277923583984,106.02214987633513,98.88251578870324,105.74411228640203,747100,UFPI,"UFP Industries, Inc. - Common Stock"
2025-04-09,107.5613021850586,108.76282616525877,98.72363826085636,100.65005249117158,625800,UFPI,"UFP Industries, Inc. - Common Stock"
2025-04-10,105.04902648925781,108.06773462744565,102.05017493362978,107.54144806610901,485000,UFPI,"UFP Industries, Inc. - Common Stock"
2025-04-11,105.67460632324219,106.1413155397787,101.68276672555308,104.62203324830034,398500,UFPI,"UFP Industries, Inc. - Common Stock"
2025-04-14,106.31012725830078,107.28326646963089,105.13839191859638,107.03501752118467,417600,UFPI,"UFP Industries, Inc. - Common Stock"
2025-04-15,104.80077362060547,107.35277242566396,104.7213321414235,106.3399125059849,346100,UFPI,"UFP Industries, Inc. - Common Stock"
2025-04-16,102.81478118896484,105.27740641421012,101.43451769818031,104.41350495759262,511300,UFPI,"UFP Industries, Inc. - Common Stock"
2025-04-17,104.04609680175781,104.96958318184262,102.50695788558752,102.5566031291021,355000,UFPI,"UFP Industries, Inc. - Common Stock"
2025-04-21,102.29841613769531,103.16232514478978,101.05717148288174,103.01337427102092,373700,UFPI,"UFP Industries, Inc. - Common Stock"
2025-04-22,105.32705688476562,105.78383401191363,102.20905089548334,103.75812181154669,338200,UFPI,"UFP Industries, Inc. - Common Stock"
2025-04-23,105.48594665527344,109.07065450598904,105.37671651172722,106.18104068151598,332700,UFPI,"UFP Industries, Inc. - Common Stock"
2025-04-24,107.21375274658203,107.64074122374092,105.25754989950427,106.57823607024645,240400,UFPI,"UFP Industries, Inc. - Common Stock"
2025-04-25,105.99236297607422,106.55837024381998,105.09866529648717,106.30019680657192,195300,UFPI,"UFP Industries, Inc. - Common Stock"
2025-04-28,105.83348846435547,107.50172162126397,105.2873377734797,106.43921647570629,414100,UFPI,"UFP Industries, Inc. - Common Stock"
2025-04-29,99.56768035888672,103.15239561669584,96.90645145013006,99.36908423958877,897600,UFPI,"UFP Industries, Inc. - Common Stock"
2025-04-30,98.15763092041016,98.76335894971092,96.31065817138756,98.2767931408478,1110000,UFPI,"UFP Industries, Inc. - Common Stock"
2025-05-01,99.23006439208984,100.47130906447366,97.57176332801457,98.64419296722743,639400,UFPI,"UFP Industries, Inc. - Common Stock"
2025-05-02,101.23590850830078,101.81184783209605,99.6471169046897,99.6471169046897,440200,UFPI,"UFP Industries, Inc. - Common Stock"
2025-05-05,99.01161193847656,101.0472563923631,98.91231387203361,100.2727208677684,379000,UFPI,"UFP Industries, Inc. - Common Stock"
2025-05-06,97.31358337402344,98.65412611959678,97.04547785529131,97.90937930806089,579900,UFPI,"UFP Industries, Inc. - Common Stock"
2025-05-07,96.2312240600586,97.5022574381667,95.22829620741282,97.5022574381667,564000,UFPI,"UFP Industries, Inc. - Common Stock"
2025-05-08,97.76042938232422,99.07118348035019,96.52911676319835,97.21428626078797,913000,UFPI,"UFP Industries, Inc. - Common Stock"
2025-05-09,96.68800354003906,98.24700663923896,96.16170940350534,98.24700663923896,763800,UFPI,"UFP Industries, Inc. - Common Stock"
2025-05-12,102.65589904785156,102.69561978740751,99.74642116499783,100.62026228331561,672200,UFPI,"UFP Industries, Inc. - Common Stock"
2025-05-13,102.86442565917969,103.4999499062987,101.93101480988491,103.15239533454346,431900,UFPI,"UFP Industries, Inc. - Common Stock"
2025-05-14,99.88543701171875,102.62610735238175,99.73649371273397,102.54666587561907,479000,UFPI,"UFP Industries, Inc. - Common Stock"
2025-05-15,100.65005493164062,101.03732268770861,99.24000271334398,99.53789690788112,368000,UFPI,"UFP Industries, Inc. - Common Stock"
2025-05-16,101.87142944335938,102.03031239839497,100.30250193014245,100.44152072782046,574100,UFPI,"UFP Industries, Inc. - Common Stock"
2025-05-19,101.14655303955078,101.2557831838924,99.24000291715336,100.15355723714086,452800,UFPI,"UFP Industries, Inc. - Common Stock"
2025-05-20,100.5805435180664,102.09982585011016,100.16348710847724,100.9876678485825,340500,UFPI,"UFP Industries, Inc. - Common Stock"
2025-05-21,97.5519027709961,99.7265659415772,97.28379724528718,99.65705654039664,565000,UFPI,"UFP Industries, Inc. - Common Stock"
2025-05-22,97.0057601928711,97.58169198766501,96.10213039642224,97.05540543630757,307500,UFPI,"UFP Industries, Inc. - Common Stock"
2025-05-23,95.67514038085938,96.91638508630892,95.37724619712536,95.42689143976948,435200,UFPI,"UFP Industries, Inc. - Common Stock"
2025-05-27,98.96195983886719,99.01160508067169,96.35037617415706,97.70085099692307,437200,UFPI,"UFP Industries, Inc. - Common Stock"
2025-05-28,96.72772216796875,98.84280044331524,96.61849202654199,98.52504209806192,423800,UFPI,"UFP Industries, Inc. - Common Stock"
2025-05-29,97.57176971435547,97.77036584455304,96.31066080213496,97.33344526697029,301200,UFPI,"UFP Industries, Inc. - Common Stock"
2025-05-30,96.87666320800781,97.44267048400214,96.39009741045811,97.0256140861024,385600,UFPI,"UFP Industries, Inc. - Common Stock"
2025-06-02,95.44160461425781,96.52787099538057,94.35534583636866,96.37838381958139,485800,UFPI,"UFP Industries, Inc. - Common Stock"
2025-06-03,97.3151626586914,97.41481824110464,95.06291000063105,95.51136392310741,349200,UFPI,"UFP Industries, Inc. - Common Stock"
2025-06-04,96.72718048095703,97.96293401641587,96.39831782379096,97.71379126215564,429200,UFPI,"UFP Industries, Inc. - Common Stock"
2025-06-05,97.03612518310547,97.62409844885684,95.68078795651998,96.51790398299319,405600,UFPI,"UFP Industries, Inc. - Common Stock"
2025-06-06,96.24883270263672,98.40142219165743,95.91996243522559,98.00279225569548,254300,UFPI,"UFP Industries, Inc. - Common Stock"
2025-06-09,97.28526306152344,98.21207438902559,96.61755471784056,96.94642497026497,333700,UFPI,"UFP Industries, Inc. - Common Stock"
2025-06-10,99.90624237060547,100.35469627760914,97.23543179661856,97.86326878707034,461100,UFPI,"UFP Industries, Inc. - Common Stock"
2025-06-11,97.65399169921875,100.6038409932931,97.5643039573581,100.6038409932931,540200,UFPI,"UFP Industries, Inc. - Common Stock"
2025-06-12,97.26532745361328,97.93302819454175,96.18902895576147,97.38491871000791,262600,UFPI,"UFP Industries, Inc. - Common Stock"
2025-06-13,95.34194946289062,96.66739076934954,94.67424869163099,95.74057939908107,429500,UFPI,"UFP Industries, Inc. - Common Stock"
2025-06-16,96.51789855957031,96.67735356702454,94.69417182878715,96.52786639834451,479900,UFPI,"UFP Industries, Inc. - Common Stock"
2025-06-17,94.60448455810547,96.79693769882783,94.5048289795696,95.32201688873701,486100,UFPI,"UFP Industries, Inc. - Common Stock"
2025-06-18,94.78386688232422,96.21893153210425,94.27561355165493,94.32544514214077,418500,UFPI,"UFP Industries, Inc. - Common Stock"
2025-06-20,95.99968719482422,96.45810894692518,94.96325243228723,95.38181043160984,1312800,UFPI,"UFP Industries, Inc. - Common Stock"
2025-06-23,99.39798736572266,99.42788327859013,95.60105436688909,95.73060585705923,444000,UFPI,"UFP Industries, Inc. - Common Stock"
2025-06-24,100.3746337890625,100.64370461753363,98.97943284822556,99.65710144216159,408300,UFPI,"UFP Industries, Inc. - Common Stock"
2025-06-25,98.89970397949219,100.24507330977596,98.62066531581654,100.24507330977596,385200,UFPI,"UFP Industries, Inc. - Common Stock"
2025-06-26,99.53750610351562,99.5674096194387,92.68110054248297,98.9993568653971,350300,UFPI,"UFP Industries, Inc. - Common Stock"
2025-06-27,99.43785095214844,101.65023973946589,98.68045488008634,100.23511077571203,1985600,UFPI,"UFP Industries, Inc. - Common Stock"
2025-06-30,99.01929473876953,100.73339806785206,98.72032039877298,99.8065867377427,435700,UFPI,"UFP Industries, Inc. - Common Stock"
2025-07-01,105.10834503173828,106.47364244145211,98.34162700068762,98.34162700068762,604700,UFPI,"UFP Industries, Inc. - Common Stock"
2025-07-02,106.11488342285156,107.03172691805335,103.6932155887809,104.63995499746463,624700,UFPI,"UFP Industries, Inc. - Common Stock"
2025-07-03,105.39735412597656,106.75269133328987,104.88910077242569,106.30422980842725,239800,UFPI,"UFP Industries, Inc. - Common Stock"
2025-07-07,102.4176025390625,105.95543277593758,102.1485317034129,105.08841323309572,328800,UFPI,"UFP Industries, Inc. - Common Stock"
2025-07-08,104.0420150756836,105.56676750609351,101.81965837558913,102.38770354776602,344900,UFPI,"UFP Industries, Inc. - Common Stock"
2025-07-09,106.42382049560547,106.72278724066943,104.0619444331092,104.14167193975301,405400,UFPI,"UFP Industries, Inc. - Common Stock"
2025-07-10,108.11798858642578,109.42350180194752,106.09495061820611,106.16471028596425,460000,UFPI,"UFP Industries, Inc. - Common Stock"
2025-07-11,106.53343963623047,108.00836043371514,105.11831066470963,106.62312737517621,681400,UFPI,"UFP Industries, Inc. - Common Stock"
2025-07-14,104.43067932128906,106.37398979175587,103.92242596623097,105.96539962245186,265500,UFPI,"UFP Industries, Inc. - Common Stock"
2025-07-15,100.85298156738281,105.73618095939818,100.81312541846184,104.869169060551,332700,UFPI,"UFP Industries, Inc. - Common Stock"
2025-07-16,101.46089172363281,104.47054042062567,99.79661996780148,101.20178873630941,339400,UFPI,"UFP Industries, Inc. - Common Stock"
2025-07-17,102.0090103149414,102.94578950768971,101.48082889034366,101.87945881937912,265100,UFPI,"UFP Industries, Inc. - Common Stock"
2025-07-18,100.71346282958984,103.13513066378229,99.84645092563659,103.13513066378229,323900,UFPI,"UFP Industries, Inc. - Common Stock"
2025-07-21,100.52411651611328,102.03890104561887,100.07565501751705,100.87291483508828,265900,UFPI,"UFP Industries, Inc. - Common Stock"
2025-07-22,103.92242431640625,104.40078174943736,101.25161368979671,101.25161368979671,351300,UFPI,"UFP Industries, Inc. - Common Stock"
2025-07-23,104.56022644042969,105.64649277315286,103.9722532059131,104.6399539444014,290800,UFPI,"UFP Industries, Inc. - Common Stock"
2025-07-24,103.38427734375,104.83927014670877,102.93582341798451,103.62345986717632,306800,UFPI,"UFP Industries, Inc. - Common Stock"
2025-07-25,104.48049926757812,104.60009052391472,103.0255065300328,104.30112378792317,290400,UFPI,"UFP Industries, Inc. - Common Stock"
2025-07-28,103.9124526977539,104.90902367735663,103.03547297286745,104.90902367735663,372400,UFPI,"UFP Industries, Inc. - Common Stock"
2025-07-29,101.94921875,107.54994303625637,100.8430243056058,104.1616000355549,667000,UFPI,"UFP Industries, Inc. - Common Stock"
2025-07-30,99.32823181152344,101.38117328442893,98.70039480562671,101.38117328442893,552300,UFPI,"UFP Industries, Inc. - Common Stock"
2025-07-31,97.66395568847656,99.49764263552461,97.16567020027006,98.26189675367775,352600,UFPI,"UFP Industries, Inc. - Common Stock"
2025-08-01,97.39488983154297,97.78355192388376,95.60105894132889,97.16567514986924,371800,UFPI,"UFP Industries, Inc. - Common Stock"
2025-08-04,98.18217468261719,98.36155777242504,97.0161884004829,97.39489025854037,270100,UFPI,"UFP Industries, Inc. - Common Stock"
2025-08-05,99.25846862792969,99.58733887789673,98.03269057366451,98.03269057366451,298700,UFPI,"UFP Industries, Inc. - Common Stock"
2025-08-06,98.8897476196289,99.39799337557223,98.08251990723404,99.29833779224414,327600,UFPI,"UFP Industries, Inc. - Common Stock"
2025-08-07,99.24850463867188,100.15538792013766,98.20210962532697,99.68699832230223,274300,UFPI,"UFP Industries, Inc. - Common Stock"
2025-08-08,97.51447296142578,99.43785533760826,97.33508987337439,99.43785533760826,359800,UFPI,"UFP Industries, Inc. - Common Stock"
2025-08-11,98.17221069335938,98.19213876780567,96.04950961124818,97.703821109922,356900,UFPI,"UFP Industries, Inc. - Common Stock"
2025-08-12,102.18839263916016,102.41759971446,98.66053033889645,98.84988126450075,320100,UFPI,"UFP Industries, Inc. - Common Stock"
2025-08-13,105.91556549072266,106.27433166178342,102.35780729706458,102.5770541352943,309900,UFPI,"UFP Industries, Inc. - Common Stock"
2025-08-14,102.7265396118164,103.72311060315363,102.07876694680057,103.72311060315363,217200,UFPI,"UFP Industries, Inc. - Common Stock"
2025-08-15,101.06227111816406,104.03204850966267,100.88288802984826,104.03204850966267,364300,UFPI,"UFP Industries, Inc. - Common Stock"
2025-08-18,100.36466217041016,101.73992738135723,99.71688951478369,101.06226641617448,257100,UFPI,"UFP Industries, Inc. - Common Stock"
2025-08-19,102.278076171875,103.91245195853814,100.8828828929429,101.0024665435753,220500,UFPI,"UFP Industries, Inc. - Common Stock"
2025-08-20,99.44782257080078,103.85266463549449,99.4278868926757,102.27808060588539,427700,UFPI,"UFP Industries, Inc. - Common Stock"
2025-08-21,99.27840423583984,99.45778731722034,97.82341151052388,98.65055964939148,221400,UFPI,"UFP Industries, Inc. - Common Stock"
2025-08-22,106.71282196044922,107.07158812015392,99.31826714153172,100.20521470212579,496000,UFPI,"UFP Industries, Inc. - Common Stock"
2025-08-25,105.64649200439453,106.16470556997328,104.50043385364872,105.8159072466767,315500,UFPI,"UFP Industries, Inc. - Common Stock"
2025-08-26,104.60009002685547,106.10491434819845,104.33101920541839,105.53686918895727,342500,UFPI,"UFP Industries, Inc. - Common Stock"
2025-08-27,102.93582153320312,104.77947639892982,102.85609402685418,104.02208029508186,314800,UFPI,"UFP Industries, Inc. - Common Stock"
2025-08-28,101.72000122070312,103.24475362751286,100.41449564945121,102.92585121303783,400000,UFPI,"UFP Industries, Inc. - Common Stock"
2025-08-29,100.97000122070312,103.0,100.33999633789062,102.06999969482422,271200,UFPI,"UFP Industries, Inc. - Common Stock"
2025-09-02,100.16999816894531,100.45999908447266,99.38999938964844,99.81999969482422,328000,UFPI,"UFP Industries, Inc. - Common Stock"
2025-09-03,98.41999816894531,100.27999877929688,97.88999938964844,99.83000183105469,386700,UFPI,"UFP Industries, Inc. - Common Stock"
2025-09-04,102.63999938964844,102.73999786376953,98.98999786376953,99.19999694824219,293400,UFPI,"UFP Industries, Inc. - Common Stock"
2025-09-05,103.79000091552734,105.56999969482422,102.54000091552734,103.16000366210938,234400,UFPI,"UFP Industries, Inc. - Common Stock"
2025-09-08,102.5999984741211,103.66000366210938,101.2300033569336,103.66000366210938,289400,UFPI,"UFP Industries, Inc. - Common Stock"
2025-09-09,100.41999816894531,101.8499984741211,99.55000305175781,101.8499984741211,315000,UFPI,"UFP Industries, Inc. - Common Stock"
2025-09-10,99.72000122070312,100.7699966430664,99.29000091552734,100.02999877929688,229800,UFPI,"UFP Industries, Inc. - Common Stock"
2025-09-11,102.4000015258789,102.69000244140625,100.05999755859375,100.05999755859375,403200,UFPI,"UFP Industries, Inc. - Common Stock"
2025-09-12,98.68000030517578,101.83000183105469,98.54000091552734,101.41000366210938,231600,UFPI,"UFP Industries, Inc. - Common Stock"
2025-09-15,99.29000091552734,100.87000274658203,98.22000122070312,98.9800033569336,328900,UFPI,"UFP Industries, Inc. - Common Stock"
2025-09-16,98.30999755859375,99.77999877929688,97.69999694824219,99.0999984741211,269400,UFPI,"UFP Industries, Inc. - Common Stock"
2025-09-17,97.12000274658203,101.05999755859375,96.0,98.8499984741211,400500,UFPI,"UFP Industries, Inc. - Common Stock"
2025-09-18,98.19999694824219,99.0999984741211,97.01000213623047,97.48999786376953,338100,UFPI,"UFP Industries, Inc. - Common Stock"
2025-09-19,95.31999969482422,97.88999938964844,95.13999938964844,97.88999938964844,1485900,UFPI,"UFP Industries, Inc. - Common Stock"
2025-09-22,95.19000244140625,95.5999984741211,94.62999725341797,95.13999938964844,422000,UFPI,"UFP Industries, Inc. - Common Stock"
2025-09-23,94.44000244140625,96.22000122070312,93.77999877929688,95.13999938964844,353600,UFPI,"UFP Industries, Inc. - Common Stock"
2025-09-24,93.11000061035156,94.68000030517578,92.75,94.0199966430664,252000,UFPI,"UFP Industries, Inc. - Common Stock"
2025-09-25,91.80000305175781,94.44000244140625,91.16000366210938,92.48999786376953,243400,UFPI,"UFP Industries, Inc. - Common Stock"
2025-09-26,92.2300033569336,92.75,91.7300033569336,91.86000061035156,279800,UFPI,"UFP Industries, Inc. - Common Stock"
2025-09-29,92.23999786376953,92.86000061035156,91.61000061035156,92.86000061035156,503100,UFPI,"UFP Industries, Inc. - Common Stock"
2025-09-30,93.48999786376953,93.73999786376953,91.5199966430664,91.52999877929688,335200,UFPI,"UFP Industries, Inc. - Common Stock"
2025-10-01,92.97000122070312,94.27999877929688,92.2300033569336,93.29000091552734,219500,UFPI,"UFP Industries, Inc. - Common Stock"
2025-10-02,93.25,93.27999877929688,91.91000366210938,92.52999877929688,307300,UFPI,"UFP Industries, Inc. - Common Stock"
2025-10-03,92.18000030517578,94.38999938964844,92.12000274658203,93.51000213623047,310000,UFPI,"UFP Industries, Inc. - Common Stock"
2025-10-06,91.43000030517578,93.48999786376953,90.81999969482422,92.25,383600,UFPI,"UFP Industries, Inc. - Common Stock"
2025-10-07,90.43000030517578,91.9000015258789,90.19999694824219,91.37999725341797,333300,UFPI,"UFP Industries, Inc. - Common Stock"
2025-10-08,91.3499984741211,91.37999725341797,90.0,90.9800033569336,486600,UFPI,"UFP Industries, Inc. - Common Stock"
2025-10-09,90.0199966430664,91.05000305175781,89.76000213623047,90.88999938964844,400000,UFPI,"UFP Industries, Inc. - Common Stock"
2025-10-10,89.44000244140625,91.13999938964844,88.98999786376953,90.26000213623047,488100,UFPI,"UFP Industries, Inc. - Common Stock"
2025-10-13,90.30000305175781,90.97000122070312,89.51000213623047,90.0999984741211,381300,UFPI,"UFP Industries, Inc. - Common Stock"
2025-10-14,91.9800033569336,92.23999786376953,89.5199966430664,89.5199966430664,374500,UFPI,"UFP Industries, Inc. - Common Stock"
2025-10-15,91.41000366210938,93.20999908447266,91.19000244140625,91.94000244140625,363500,UFPI,"UFP Industries, Inc. - Common Stock"
2025-10-16,90.69000244140625,91.54000091552734,89.8499984741211,91.20999908447266,460500,UFPI,"UFP Industries, Inc. - Common Stock"
2025-10-17,90.66000366210938,91.47000122070312,89.87000274658203,90.6500015258789,265600,UFPI,"UFP Industries, Inc. - Common Stock"
2025-10-20,91.2699966430664,91.5999984741211,90.5199966430664,91.12000274658203,303200,UFPI,"UFP Industries, Inc. - Common Stock"
2025-10-21,93.26000213623047,93.75,90.97000122070312,90.97000122070312,356800,UFPI,"UFP Industries, Inc. - Common Stock"
2025-10-22,91.77999877929688,94.05000305175781,91.66999816894531,93.23999786376953,378300,UFPI,"UFP Industries, Inc. - Common Stock"
2025-10-23,92.44000244140625,92.88999938964844,90.5199966430664,91.73999786376953,244100,UFPI,"UFP Industries, Inc. - Common Stock"
2025-10-24,91.77999877929688,93.44999694824219,91.69000244140625,93.44999694824219,284700,UFPI,"UFP Industries, Inc. - Common Stock"
2025-10-27,92.16999816894531,93.04000091552734,91.73999786376953,91.83999633789062,337200,UFPI,"UFP Industries, Inc. - Common Stock"
2025-10-28,91.9800033569336,92.52999877929688,91.19000244140625,91.5199966430664,259800,UFPI,"UFP Industries, Inc. - Common Stock"
2025-10-29,90.02999877929688,91.94999694824219,89.5199966430664,91.37000274658203,533300,UFPI,"UFP Industries, Inc. - Common Stock"
2025-10-30,91.80000305175781,93.5,88.77999877929688,88.77999877929688,564700,UFPI,"UFP Industries, Inc. - Common Stock"
2025-10-31,92.12999725341797,93.5,90.94999694824219,92.9800033569336,667300,UFPI,"UFP Industries, Inc. - Common Stock"
2025-11-03,92.79000091552734,93.47000122070312,90.31999969482422,91.33999633789062,501700,UFPI,"UFP Industries, Inc. - Common Stock"
2025-11-04,91.58000183105469,92.62999725341797,91.22000122070312,92.58999633789062,368200,UFPI,"UFP Industries, Inc. - Common Stock"
2025-11-05,91.56999969482422,91.81999969482422,89.93000030517578,91.02999877929688,513000,UFPI,"UFP Industries, Inc. - Common Stock"
2025-11-06,92.37999725341797,92.69999694824219,90.79000091552734,91.61000061035156,461300,UFPI,"UFP Industries, Inc. - Common Stock"
